P11.1	P11.2	P11.3	P11.4	P11.5	P13.1	P13.2	P13.3	P13.4	P13.5	P14.1	P14.2	P14.3	P14.4	P14.5	P14.6	P15.1	P15.2	P15.3	P15.4	P15.5	P20.1	P20.2	P20.3	P20.4	P20.5	P20.6	P29.1	P29.2	P29.3	P29.5	
k__Viridiplantae|p__Streptophyta	99.95643817	99.93595901	99.97495617	99.70363026	99.97447482	99.87536969	99.73808422	99.94670029	99.90584127	99.96972949	99.95316685	99.97855458	99.93137817	99.78064493	99.95587194	99.96155505	99.86678268	99.9575645	99.95842528	99.94605375	99.98515142	99.95251586	99.97073823	99.98440111	99.95253144	99.95176032	99.96581964	99.95389524	99.90693045	99.94296321	99.95111973
k__Viridiplantae|p__Chlorophyta	0.033760421	0.04696339	0.025043827	0.213272086	0.024674341	0.116387567	0.260636063	0.041599771	0.08559885	0.022014915	0.034637019	0	0.054747468	0.217530157	0.033944661	0.037797003	0.125996874	0.029455228	0.034721746	0.046998627	0.014106153	0.033518216	0.02229468	0.010878177	0.046996569	0.042554291	0.025548957	0.030736508	0.069802163	0.054458859	0.037600205
k__Viridiplantae|p__Streptophyta|o__Fabales	17.85545095	14.4220301	37.0523416	16.41062723	21.67513252	18.33384438	20.89418219	15.30741581	19.39498733	22.01216324	14.75976057	12.73858031	14.70419493	20.10803511	17.61121726	22.50678366	18.51865223	15.78350907	16.58465938	16.85125548	21.5660799	17.16012928	17.48460274	20.87645265	24.15279751	20.49187247	17.85008977	15.87479176	15.48380008	22.64650722	15.50782836
k__Viridiplantae|p__Streptophyta|o__Fabales|f__Fabaceae	17.85545095	14.4220301	37.0523416	16.41062723	21.67513252	18.33384438	20.89418219	15.30741581	19.39498733	22.01216324	14.75976057	12.73858031	14.70419493	20.10803511	17.61121726	22.50678366	18.51865223	15.78350907	16.58465938	16.85125548	21.5660799	17.16012928	17.48460274	20.87645265	24.15279751	20.49187247	17.85008977	15.87479176	15.48380008	22.64650722	15.50782836
k__Viridiplantae|p__Streptophyta|c__Liliopsida	15.82438047	15.28871811	11.2572001	11.48432735	12.06234951	15.34436542	13.55563471	18.29869936	15.35300966	14.92060871	18.58885859	42.05447137	19.14173969	13.97667756	16.90201631	11.99439308	14.99543306	19.16886333	17.53676622	18.15495652	11.96869919	15.30824788	14.13761391	12.92840518	10.22084342	12.93650452	14.09957188	17.93536727	15.43661899	12.62704382	18.16353081
k__Viridiplantae|p__Streptophyta|o__Solanales	4.776555021	4.534101825	8.064112196	10.00060629	14.79269299	9.351559692	15.88642922	5.170721561	10.60227351	14.59313685	4.793568247	16.79176496	5.138012367	15.00812088	6.99332745	14.64738276	9.915484619	4.474698458	4.908558454	7.807084941	14.4276243	4.802282431	9.065574227	11.42783253	14.37076854	11.94500676	3.942135064	4.619082454	8.993491595	14.07197592	4.158582623
k__Viridiplantae|p__Streptophyta|o__Solanales|f__Solanaceae	3.752851939	3.816842779	7.475582269	8.991486949	13.76232654	8.115477568	14.55296223	3.977978121	9.345682394	13.23646771	3.615909612	15.91250268	4.031813529	14.19785755	5.823448971	13.17977911	8.690535072	3.430285965	3.8180215	6.691787092	13.5493307	3.773193408	8.21280272	10.16021707	13.07448585	10.80189858	3.029277724	3.479372729	7.846280126	12.92286176	3.086976793
k__Viridiplantae|p__Streptophyta|c__Liliopsida|o__Poales	9.731169036	11.76432917	8.239418983	7.570356607	6.871378615	9.288255406	7.894585296	11.35673754	8.207217695	6.513663007	11.38094379	39.05211237	11.63346195	8.178914904	9.684896566	6.199356515	8.671761898	11.43412014	10.42977298	10.693618	6.439087406	9.302501895	8.832873506	7.160098027	5.065582801	6.989413113	8.544054689	10.5850387	7.486928252	7.14313335	11.08303629
k__Viridiplantae|p__Streptophyta|c__Liliopsida|o__Poales|f__Poaceae	9.224218201	11.42491194	7.801152016	6.507919242	5.829100408	8.579708998	6.840097003	10.82114048	7.404300486	5.872478604	10.9087095	38.49453142	11.15348415	7.164990784	9.043584944	4.990572347	7.972822222	10.95484863	9.946409726	10.05402799	5.530354213	8.778580264	8.402307499	6.493245268	4.020802556	6.145046388	8.143212263	10.09448403	6.940144646	6.364274988	10.65514596
k__Viridiplantae|p__Streptophyta|o__Rosales	3.37223042	3.823246878	11.8206862	7.05402774	7.091746007	4.90113651	6.252706072	3.089433008	5.464630555	5.324857591	3.06513223	4.246193438	4.714656947	6.014562841	4.4329302	6.992445639	5.195114643	3.504173656	3.4621236	4.422775126	9.837185303	3.524999002	4.892288828	4.828063233	7.746949437	6.997682772	2.977489297	3.790426192	4.026550674	6.893718219	3.616011671
k__Viridiplantae|p__Streptophyta|o__Malvales	3.429405327	4.241647988	3.794139745	3.185707204	8.150190163	5.070937068	7.408718724	3.328631693	5.887488872	7.209884697	3.151480855	4.010293802	3.239100192	6.876288848	4.33255099	7.305260839	4.682462607	3.027398355	3.059168597	4.227424312	6.349253488	3.338653685	6.157511914	6.529574273	7.876948554	6.577652967	2.956773926	3.099469488	5.70115626	8.20910913	2.989968265
k__Viridiplantae|p__Streptophyta|o__Malvales|f__Malvaceae	3.429405327	4.241647988	3.794139745	3.185707204	8.150190163	5.070937068	7.408718724	3.328631693	5.887488872	7.209884697	3.151480855	4.010293802	3.239100192	6.876288848	4.33255099	7.305260839	4.682462607	3.027398355	3.059168597	4.227424312	6.349253488	3.338653685	6.157511914	6.529574273	7.876948554	6.577652967	2.956773926	3.099469488	5.70115626	8.20910913	2.989968265
k__Viridiplantae|p__Streptophyta|o__Brassicales	4.666561392	25.86188494	3.168044077	8.47961611	3.921518578	5.08610372	5.310193174	3.59643022	4.671985209	4.119540989	3.660303537	3.259704053	3.969191425	4.592952169	4.34297685	4.205546584	4.67018784	4.586528477	4.653627737	4.407653829	4.781985701	5.143449982	4.77384834	4.789065996	4.326044258	4.250088296	5.663927634	3.913986955	4.301881427	4.233612395	4.312743461
k__Viridiplantae|p__Streptophyta|o__Brassicales|f__Brassicaceae	4.666561392	25.86188494	3.168044077	8.47961611	3.921518578	5.08610372	5.310193174	3.59643022	4.671985209	4.119540989	3.660303537	3.259704053	3.969191425	4.592952169	4.34297685	4.205546584	4.67018784	4.586528477	4.653627737	4.407653829	4.781985701	5.143449982	4.77384834	4.789065996	4.326044258	4.250088296	5.663927634	3.913986955	4.301881427	4.233612395	4.312743461
k__Viridiplantae|p__Streptophyta|o__Malvales|f__Malvaceae|g__Gossypium	3.112492989	3.968406447	3.343350864	2.682841583	6.728437604	4.488010102	6.507370114	2.993233537	5.15476272	6.34029555	2.820721718	3.559939953	2.952988424	5.90652773	3.78143518	6.514619521	4.066197097	2.736840003	2.748957205	3.696135487	5.021047864	2.94840589	5.894156007	5.870315713	7.216973785	6.017555799	2.64915067	2.787186564	5.164713714	7.313599247	2.668862519
k__Viridiplantae|p__Streptophyta|o__Asterales	4.306631745	3.345074181	6.135737541	3.101450464	6.034152692	4.582966531	4.806197252	4.809973545	4.880846401	4.846033187	5.040417986	2.980913575	4.88152423	6.109093564	4.996411564	5.930025868	4.895465918	4.532610432	4.599260792	5.142058458	4.885925772	4.343402099	4.8741744	4.940128978	5.830945858	5.26294934	3.880679464	4.785059598	3.969674838	5.006025921	4.677841447
k__Viridiplantae|p__Streptophyta|o__Asterales|f__Asteraceae	4.306631745	3.345074181	6.135737541	3.101450464	6.034152692	4.582966531	4.806197252	4.809973545	4.880846401	4.846033187	5.040417986	2.980913575	4.88152423	6.109093564	4.996411564	5.930025868	4.895465918	4.532610432	4.599260792	5.142058458	4.885925772	4.343402099	4.8741744	4.940128978	5.830945858	5.26294934	3.880679464	4.785059598	3.969674838	5.006025921	4.677841447
k__Viridiplantae|p__Streptophyta|o__Malpighiales	9.581969757	4.847902658	2.61707989	3.044476859	2.230900784	4.51043037	2.534909663	8.585802778	3.593439704	2.592256254	8.240195528	1.200943599	5.706111092	2.863295436	3.718152635	2.257453029	5.19186544	4.027378385	6.028334772	2.673608841	1.91175488	10.73341048	6.242510381	5.162207983	2.462431402	4.156020915	15.54792156	6.341556374	4.321917233	2.458382475	6.411962881
k__Viridiplantae|p__Streptophyta|o__Solanales|f__Solanaceae|g__Capsicum	1.751730222	1.694951436	3.643876784	2.655469288	7.8115561	3.748141261	6.805971168	1.820639986	4.707936725	5.745892842	1.610865291	11.6234184	1.775167898	6.856944723	2.711208527	6.583230082	3.99615872	1.508207525	1.747508943	3.564539332	7.134001025	1.73177447	4.474263579	4.803843896	6.662454731	5.464350013	1.448694932	1.587233284	3.961919042	6.442257497	1.280286965
k__Viridiplantae|p__Streptophyta|o__Solanales|f__Solanaceae|g__Capsicum|s__Capsicum_annuum	1.751730222	1.694951436	3.643876784	2.655469288	7.8115561	3.748141261	6.805971168	1.820639986	4.707936725	5.745892842	1.610865291	11.6234184	1.775167898	6.856944723	2.711208527	6.583230082	3.99615872	1.508207525	1.747508943	3.564539332	7.134001025	1.73177447	4.474263579	4.803843896	6.662454731	5.464350013	1.448694932	1.587233284	3.961919042	6.442257497	1.280286965
k__Viridiplantae|p__Streptophyta|o__Fabales|f__Fabaceae|g__Arachis	4.594139844	2.871170883	2.84247433	6.289297522	4.683870638	4.895201733	4.763326672	3.680279758	4.808943368	4.397479292	3.566149388	3.023804418	3.842447287	3.965545559	4.660601887	4.725201386	4.840590488	5.067796949	4.658653253	4.691280324	3.934131692	4.519771757	4.642867096	4.652986162	4.797897898	4.628252948	4.276343047	4.586501755	3.636821933	4.946088952	4.665057378
k__Viridiplantae|p__Streptophyta|o__Fabales|f__Fabaceae|g__Vigna	6.233153822	3.370690575	2.566992236	2.512634053	5.293071615	4.713861331	4.880207656	4.462875454	4.904814079	5.894493519	4.173028983	2.487668883	3.309971914	4.350603135	4.002317935	4.718361928	4.688599991	3.931024842	4.945564525	3.202854247	4.449377473	5.798651291	5.650307945	5.221730082	5.241162521	4.561061962	7.338765364	4.254547466	3.733123065	4.399566907	4.02021387
k__Viridiplantae|p__Streptophyta|o__Malpighiales|f__Euphorbiaceae	9.067940124	4.271533782	0.713749061	2.305424886	1.093328569	3.686485524	1.359061369	7.969606167	2.754570979	1.563058972	7.682100467	0.750589749	5.098639188	1.450079384	2.991251976	1.174370896	4.063669939	3.474718428	5.487406514	1.952690774	0.769156526	10.19831611	4.90204275	4.027798873	1.114297408	3.104051272	15.10254109	5.817806274	3.6671988	1.581240373	5.898720089
k__Viridiplantae|p__Streptophyta|o__Malpighiales|f__Euphorbiaceae|g__Manihot	9.067940124	4.271533782	0.713749061	2.305424886	1.093328569	3.686485524	1.359061369	7.969606167	2.754570979	1.563058972	7.682100467	0.750589749	5.098639188	1.450079384	2.991251976	1.174370896	4.063669939	3.474718428	5.487406514	1.952690774	0.769156526	10.19831611	4.90204275	4.027798873	1.114297408	3.104051272	15.10254109	5.817806274	3.6671988	1.581240373	5.898720089
k__Viridiplantae|p__Streptophyta|o__Malpighiales|f__Euphorbiaceae|g__Manihot|s__Manihot_esculenta	9.067940124	4.271533782	0.713749061	2.305424886	1.093328569	3.686485524	1.359061369	7.969606167	2.754570979	1.563058972	7.682100467	0.750589749	5.098639188	1.450079384	2.991251976	1.174370896	4.063669939	3.474718428	5.487406514	1.952690774	0.769156526	10.19831611	4.90204275	4.027798873	1.114297408	3.104051272	15.10254109	5.817806274	3.6671988	1.581240373	5.898720089
k__Viridiplantae|p__Streptophyta|o__Rosales|f__Rosaceae	2.073543265	2.851958587	10.40570999	4.644819949	4.388629383	2.976949986	3.700733492	1.675040787	3.160309525	3.005035912	1.653307835	2.187432983	3.218851128	3.845830976	2.705389442	4.48726025	3.326461871	2.252576084	2.107975494	2.601271824	5.796886252	2.154742428	2.282417858	2.989651365	4.934639708	4.802604943	1.883027206	2.523467324	2.587204229	4.167875073	2.358284829
k__Viridiplantae|p__Streptophyta|c__Liliopsida|o__Asparagales	4.803781167	2.397267585	1.327322815	1.809959592	2.150921884	3.658460189	1.865190156	5.372220453	3.15174964	2.286799307	5.696082114	1.115161913	5.952099715	1.811778017	5.176318265	1.738878142	4.031177908	6.357336848	5.65598973	5.462466488	2.29856043	4.606759507	3.37207034	3.151797773	1.718375254	3.058740427	4.410302444	5.911859989	4.932039839	2.104238768	5.634390651
k__Viridiplantae|p__Streptophyta|c__Liliopsida|o__Asparagales|f__Asparagaceae	4.803781167	2.397267585	1.327322815	1.809959592	2.150921884	3.658460189	1.865190156	5.372220453	3.15174964	2.286799307	5.696082114	1.115161913	5.952099715	1.811778017	5.176318265	1.738878142	4.031177908	6.357336848	5.65598973	5.462466488	2.29856043	4.606759507	3.37207034	3.151797773	1.718375254	3.058740427	4.410302444	5.911859989	4.932039839	2.104238768	5.634390651
k__Viridiplantae|p__Streptophyta|c__Liliopsida|o__Asparagales|f__Asparagaceae|g__Asparagus	4.803781167	2.397267585	1.327322815	1.809959592	2.150921884	3.658460189	1.865190156	5.372220453	3.15174964	2.286799307	5.696082114	1.115161913	5.952099715	1.811778017	5.176318265	1.738878142	4.031177908	6.357336848	5.65598973	5.462466488	2.29856043	4.606759507	3.37207034	3.151797773	1.718375254	3.058740427	4.410302444	5.911859989	4.932039839	2.104238768	5.634390651
k__Viridiplantae|p__Streptophyta|c__Liliopsida|o__Asparagales|f__Asparagaceae|g__Asparagus|s__Asparagus_officinalis	4.803781167	2.397267585	1.327322815	1.809959592	2.150921884	3.658460189	1.865190156	5.372220453	3.15174964	2.286799307	5.696082114	1.115161913	5.952099715	1.811778017	5.176318265	1.738878142	4.031177908	6.357336848	5.65598973	5.462466488	2.29856043	4.606759507	3.37207034	3.151797773	1.718375254	3.058740427	4.410302444	5.911859989	4.932039839	2.104238768	5.634390651
k__Viridiplantae|p__Streptophyta|o__Brassicales|f__Brassicaceae|g__Brassica	2.822806798	24.80093927	2.066115702	6.277439166	2.462329088	2.938373937	2.879367307	2.835284406	2.727179347	2.377610831	2.896337745	2.015869612	3.247724793	2.917312992	2.99561629	2.601081786	2.68059251	2.855659398	2.866371532	2.98625188	2.98382247	3.282390966	2.969372683	3.095149154	2.877309288	2.883354725	3.991506698	2.360563831	2.924581349	2.334641635	2.703078705
k__Viridiplantae|p__Streptophyta|o__Ranunculales	1.107015089	1.127121358	1.715502129	4.794074745	2.824786652	2.45073311	4.214753878	1.548291484	3.2887078	2.760119981	1.590375787	2.273214669	1.75004406	4.591127251	1.646073573	4.407850546	2.519937471	1.262081636	1.3463814	1.93470869	2.602956353	1.13842225	2.041356631	2.37123728	2.929632584	2.597190039	0.912166828	1.345029599	1.852342574	3.985163989	1.205086556
k__Viridiplantae|p__Streptophyta|o__Ranunculales|f__Papaveraceae	1.107015089	1.127121358	1.715502129	4.794074745	2.824786652	2.45073311	4.214753878	1.548291484	3.2887078	2.760119981	1.590375787	2.273214669	1.75004406	4.591127251	1.646073573	4.407850546	2.519937471	1.262081636	1.3463814	1.93470869	2.602956353	1.13842225	2.041356631	2.37123728	2.929632584	2.597190039	0.912166828	1.345029599	1.852342574	3.985163989	1.205086556
k__Viridiplantae|p__Streptophyta|o__Ranunculales|f__Papaveraceae|g__Papaver	1.107015089	1.127121358	1.715502129	4.794074745	2.824786652	2.45073311	4.214753878	1.548291484	3.2887078	2.760119981	1.590375787	2.273214669	1.75004406	4.591127251	1.646073573	4.407850546	2.519937471	1.262081636	1.3463814	1.93470869	2.602956353	1.13842225	2.041356631	2.37123728	2.929632584	2.597190039	0.912166828	1.345029599	1.852342574	3.985163989	1.205086556
k__Viridiplantae|p__Streptophyta|o__Ranunculales|f__Papaveraceae|g__Papaver|s__Papaver_somniferum	1.107015089	1.127121358	1.715502129	4.794074745	2.824786652	2.45073311	4.214753878	1.548291484	3.2887078	2.760119981	1.590375787	2.273214669	1.75004406	4.591127251	1.646073573	4.407850546	2.519937471	1.262081636	1.3463814	1.93470869	2.602956353	1.13842225	2.041356631	2.37123728	2.929632584	2.597190039	0.912166828	1.345029599	1.852342574	3.985163989	1.205086556
k__Viridiplantae|p__Streptophyta|o__Fagales	3.727803885	2.260646814	3.255697471	4.255455735	1.931405331	3.13685925	2.304773564	3.905828518	2.679243991	2.143702358	4.001795271	1.050825649	4.015689274	2.373852583	3.376766335	1.655724734	2.984212483	3.977953511	3.717054317	3.738638593	3.275597099	3.406089142	3.735752306	2.584285345	2.095224353	2.575654466	3.239538738	3.704363969	2.412698823	2.342697679	4.114214381
k__Viridiplantae|p__Streptophyta|o__Fagales|f__Fagaceae	3.727803885	2.260646814	3.255697471	4.255455735	1.931405331	3.13685925	2.304773564	3.905828518	2.679243991	2.143702358	4.001795271	1.050825649	4.015689274	2.373852583	3.376766335	1.655724734	2.984212483	3.977953511	3.717054317	3.738638593	3.275597099	3.406089142	3.735752306	2.584285345	2.095224353	2.575654466	3.239538738	3.704363969	2.412698823	2.342697679	4.114214381
k__Viridiplantae|p__Streptophyta|o__Fagales|f__Fagaceae|g__Quercus	3.727803885	2.260646814	3.255697471	4.255455735	1.931405331	3.13685925	2.304773564	3.905828518	2.679243991	2.143702358	4.001795271	1.050825649	4.015689274	2.373852583	3.376766335	1.655724734	2.984212483	3.977953511	3.717054317	3.738638593	3.275597099	3.406089142	3.735752306	2.584285345	2.095224353	2.575654466	3.239538738	3.704363969	2.412698823	2.342697679	4.114214381
k__Viridiplantae|p__Streptophyta|o__Fagales|f__Fagaceae|g__Quercus|s__Quercus_lobata	3.727803885	2.260646814	3.255697471	4.255455735	1.931405331	3.13685925	2.304773564	3.905828518	2.679243991	2.143702358	4.001795271	1.050825649	4.015689274	2.373852583	3.376766335	1.655724734	2.984212483	3.977953511	3.717054317	3.738638593	3.275597099	3.406089142	3.735752306	2.584285345	2.095224353	2.575654466	3.239538738	3.704363969	2.412698823	2.342697679	4.114214381
k__Viridiplantae|p__Streptophyta|o__Lamiales	1.657527757	1.133525456	1.765589782	1.410609395	3.941938723	2.424026614	3.651037745	1.377992421	2.72546737	3.456341671	1.326939307	1.865751662	1.44518316	3.035567641	2.116449582	3.640031418	2.533656328	1.578101286	1.65019668	2.103086379	4.881471197	1.70543873	1.520218488	3.136609375	3.771525204	3.145399571	1.488054136	1.650550491	7.625239945	3.742838177	1.589736648
k__Viridiplantae|p__Streptophyta|o__Solanales|f__Solanaceae|g__Solanum	1.316656411	1.336321913	2.354119709	5.005741941	3.650100824	2.634711191	4.548547199	1.39814231	2.752859002	5.363383692	1.320109472	2.573450568	1.486806235	3.914082888	1.939452424	3.971277157	2.855688452	1.24211199	1.353234376	1.877492971	3.757433571	1.355891624	1.394810913	3.455360478	3.972255168	3.164867729	1.059936473	1.230075059	2.278911345	4.250368967	1.164854337
k__Viridiplantae|p__Streptophyta|o__Asterales|f__Asteraceae|g__Helianthus	1.569859568	1.748318924	5.321813173	1.819499774	4.357999166	2.274008645	3.26136337	1.748490383	2.83332192	2.961006082	1.727460326	1.972978769	1.752293956	3.733781046	2.236953127	3.77156499	2.435097169	1.538661235	1.667557554	2.273507487	3.232536212	1.6459838	2.816096759	2.793228438	3.882577354	3.053916459	1.263637619	1.586003824	1.969325827	3.598796105	1.519424266
k__Viridiplantae|p__Streptophyta|o__Asterales|f__Asteraceae|g__Helianthus|s__Helianthus_annuus	1.569859568	1.748318924	5.321813173	1.819499774	4.357999166	2.274008645	3.26136337	1.748490383	2.83332192	2.961006082	1.727460326	1.972978769	1.752293956	3.733781046	2.236953127	3.77156499	2.435097169	1.538661235	1.667557554	2.273507487	3.232536212	1.6459838	2.816096759	2.793228438	3.882577354	3.053916459	1.263637619	1.586003824	1.969325827	3.598796105	1.519424266
k__Viridiplantae|p__Streptophyta|c__Liliopsida|o__Poales|f__Poaceae|g__Sorghum	2.572326256	2.104813747	5.484598047	1.048617476	0.952089236	2.241697082	1.315337643	3.541180524	1.842087242	2.317069815	3.701282545	18.05704482	3.794074524	1.556289578	2.739091641	0.884449881	2.033640082	3.297487819	3.122672843	2.845255999	0.576867395	2.477554766	1.931276649	1.611201649	0.929547626	1.822426284	2.421626847	3.082257043	1.878841543	1.14782519	3.201281415
k__Viridiplantae|p__Streptophyta|c__Liliopsida|o__Poales|f__Poaceae|g__Sorghum|s__Sorghum_bicolor	2.572326256	2.104813747	5.484598047	1.048617476	0.952089236	2.241697082	1.315337643	3.541180524	1.842087242	2.317069815	3.701282545	18.05704482	3.794074524	1.556289578	2.739091641	0.884449881	2.033640082	3.297487819	3.122672843	2.845255999	0.576867395	2.477554766	1.931276649	1.611201649	0.929547626	1.822426284	2.421626847	3.082257043	1.878841543	1.14782519	3.201281415
k__Viridiplantae|p__Streptophyta|o__Asterales|f__Asteraceae|g__Cynara	2.726970765	1.583947059	0.813924368	1.269914014	1.676153525	2.300055721	1.544194022	3.04718324	2.040676573	1.849252869	3.300761527	1.007934806	3.115355915	2.373852583	2.747092882	2.154357203	2.427515695	2.979471204	2.919367881	2.857107827	1.651904702	2.686245561	2.048323719	2.136432861	1.947626808	2.204898051	2.604612623	3.189220092	1.984837419	1.405618608	3.14525711
k__Viridiplantae|p__Streptophyta|o__Asterales|f__Asteraceae|g__Cynara|s__Cynara_cardunculus	2.726970765	1.583947059	0.813924368	1.269914014	1.676153525	2.300055721	1.544194022	3.04718324	2.040676573	1.849252869	3.300761527	1.007934806	3.115355915	2.373852583	2.747092882	2.154357203	2.427515695	2.979471204	2.919367881	2.857107827	1.651904702	2.686245561	2.048323719	2.136432861	1.947626808	2.204898051	2.604612623	3.189220092	1.984837419	1.405618608	3.14525711
k__Viridiplantae|p__Streptophyta|c__Liliopsida|o__Poales|f__Poaceae|g__Oryza	2.020724542	1.502828477	0.851490108	1.924174284	2.230049944	1.962762573	1.57874643	1.929189389	1.770184209	1.301631856	2.059195153	18.65751662	2.217272451	1.197510813	2.062865511	1.520087487	1.832550516	2.438793035	2.168281685	2.363417904	2.340878888	1.918119788	1.486776468	1.550242809	1.222382773	1.436853394	1.808797127	2.055657669	1.447102241	2.284371919	2.381220954
k__Viridiplantae|p__Streptophyta|o__Fabales|f__Fabaceae|g__Vigna|s__Vigna_angularis	4.758041242	2.102679048	0.914099674	1.132695895	1.731458083	2.234773176	1.368872546	3.509980695	1.936245977	1.761193208	3.351497441	0.793480592	2.386389629	1.11757943	2.00661436	1.612744142	2.301879844	2.253574567	3.243285225	1.434071144	1.19382596	4.050516739	2.151436613	2.146079546	1.732130347	1.821048007	2.671002563	0.1	0.1	0.1	0.1
k__Viridiplantae|p__Streptophyta|o__Fabales|f__Fabaceae|g__Medicago	2.254324873	2.625680435	11.36989732	2.439700706	1.261794761	1.968697349	1.393613777	2.373786944	1.860918989	1.436473211	2.392881361	0.92215312	2.599754761	1.69790317	2.220465721	1.553492839	1.987068172	2.344935698	2.212597598	2.41041653	0.922839346	2.181078169	1.599643285	2.008152475	1.300732863	1.626194147	2.022510703	2.455232276	1.900816298	1.661800816	2.488381537
k__Viridiplantae|p__Streptophyta|o__Fabales|f__Fabaceae|g__Medicago|s__Medicago_truncatula	2.254324873	2.625680435	11.36989732	2.439700706	1.261794761	1.968697349	1.393613777	2.373786944	1.860918989	1.436473211	2.392881361	0.92215312	2.599754761	1.69790317	2.220465721	1.553492839	1.987068172	2.344935698	2.212597598	2.41041653	0.922839346	2.181078169	1.599643285	2.008152475	1.300732863	1.626194147	2.022510703	2.455232276	1.900816298	1.661800816	2.488381537
k__Viridiplantae|p__Streptophyta|o__Fabales|f__Fabaceae|g__Glycine	1.090134878	1.02465578	2.592036063	1.264207737	2.606971778	1.859893108	2.989636411	1.155693644	2.138259262	2.567489474	1.109848134	1.779969976	1.245692387	3.929047211	1.769244198	3.182579685	1.664314003	1.052899593	1.212063066	1.645769306	3.536189705	1.101312797	1.117520832	2.689372637	3.569446701	2.726748042	0.954978594	1.118808899	1.439992761	3.05581872	1.053557731
k__Viridiplantae|p__Streptophyta|o__Solanales|f__Solanaceae|g__Nicotiana	0.658328206	0.757818337	1.427498122	1.245394857	2.159430278	1.681190384	3.129552333	0.729945985	1.816407587	2.06940202	0.661518272	1.651297448	0.734966008	3.343248718	1.079440204	2.49129049	1.76395623	0.653007429	0.684383895	1.226051135	2.631911087	0.65400423	2.321433548	1.867557172	2.358728787	2.124441152	0.502347742	0.63563099	1.55439075	2.198655607	0.617771361
k__Viridiplantae|p__Streptophyta|o__Solanales|f__Solanaceae|g__Nicotiana|s__Nicotiana_attenuata	0.658328206	0.757818337	1.427498122	1.245394857	2.159430278	1.681190384	3.129552333	0.729945985	1.816407587	2.06940202	0.661518272	1.651297448	0.734966008	3.343248718	1.079440204	2.49129049	1.76395623	0.653007429	0.684383895	1.226051135	2.631911087	0.65400423	2.321433548	1.867557172	2.358728787	2.124441152	0.502347742	0.63563099	1.55439075	2.198655607	0.617771361
k__Viridiplantae|p__Streptophyta|o__Cucurbitales	1.79256944	1.844380403	0.751314801	1.971786029	1.924598617	2.20839639	1.34327817	2.601285693	1.879750736	1.68689287	2.5665543	0.707698906	1.866288684	1.557749512	1.845862146	1.580058733	1.910170367	1.847691509	2.383465139	1.432027725	1.127749772	1.723793943	2.538806677	1.558042257	1.611301293	1.455632414	2.047714404	1.782717476	2.260168172	1.431720191	1.760065575
k__Viridiplantae|p__Streptophyta|o__Cucurbitales|f__Cucurbitaceae	1.79256944	1.844380403	0.751314801	1.971786029	1.924598617	2.20839639	1.34327817	2.601285693	1.879750736	1.68689287	2.5665543	0.707698906	1.866288684	1.557749512	1.845862146	1.580058733	1.910170367	1.847691509	2.383465139	1.432027725	1.127749772	1.723793943	2.538806677	1.558042257	1.611301293	1.455632414	2.047714404	1.782717476	2.260168172	1.431720191	1.760065575
k__Viridiplantae|p__Streptophyta|c__Liliopsida|o__Arecales	0.80099321	0.774895933	1.277235162	1.221143181	2.181552101	1.649538241	2.792986288	0.999694502	3.093542423	5.297338947	0.961543152	1.544070341	0.947581174	2.734091282	1.314385747	3.001154069	1.628933792	0.838225897	0.90687719	1.306561826	2.62894137	0.868281393	1.523005323	1.825275957	2.506124051	2.103077864	0.715025549	0.911030103	2.370041946	2.622403537	0.903532915
k__Viridiplantae|p__Streptophyta|c__Liliopsida|o__Arecales|f__Arecaceae	0.80099321	0.774895933	1.277235162	1.221143181	2.181552101	1.649538241	2.792986288	0.999694502	3.093542423	5.297338947	0.961543152	1.544070341	0.947581174	2.734091282	1.314385747	3.001154069	1.628933792	0.838225897	0.90687719	1.306561826	2.62894137	0.868281393	1.523005323	1.825275957	2.506124051	2.103077864	0.715025549	0.911030103	2.370041946	2.622403537	0.903532915
k__Viridiplantae|p__Streptophyta|c__Liliopsida|o__Arecales|f__Arecaceae|g__Elaeis	0.80099321	0.774895933	1.277235162	1.221143181	2.181552101	1.649538241	2.792986288	0.999694502	3.093542423	5.297338947	0.961543152	1.544070341	0.947581174	2.734091282	1.314385747	3.001154069	1.628933792	0.838225897	0.90687719	1.306561826	2.62894137	0.868281393	1.523005323	1.825275957	2.506124051	2.103077864	0.715025549	0.911030103	2.370041946	2.622403537	0.903532915
k__Viridiplantae|p__Streptophyta|c__Liliopsida|o__Arecales|f__Arecaceae|g__Elaeis|s__Elaeis_guineensis	0.80099321	0.774895933	1.277235162	1.221143181	2.181552101	1.649538241	2.792986288	0.999694502	3.093542423	5.297338947	0.961543152	1.544070341	0.947581174	2.734091282	1.314385747	3.001154069	1.628933792	0.838225897	0.90687719	1.306561826	2.62894137	0.868281393	1.523005323	1.825275957	2.506124051	2.103077864	0.715025549	0.911030103	2.370041946	2.622403537	0.903532915
k__Viridiplantae|p__Streptophyta|o__Fabales|f__Fabaceae|g__Lupinus	1.156022151	2.553100651	14.50037566	1.077238019	2.274293591	1.393683419	1.889291526	1.171943554	1.783880025	2.179476595	1.14790007	1.265279863	1.269691277	1.793893826	1.557817455	2.634847109	1.64554083	1.244608196	1.201555169	1.670290329	1.562070783	1.034675392	0.813755818	1.702947781	2.537814707	1.989370041	0.970860378	1.083154549	1.272596834	2.412301902	1.057317752
k__Viridiplantae|p__Streptophyta|o__Fabales|f__Fabaceae|g__Lupinus|s__Lupinus_angustifolius	1.156022151	2.553100651	14.50037566	1.077238019	2.274293591	1.393683419	1.889291526	1.171943554	1.783880025	2.179476595	1.14790007	1.265279863	1.269691277	1.793893826	1.557817455	2.634847109	1.64554083	1.244608196	1.201555169	1.670290329	1.562070783	1.034675392	0.813755818	1.702947781	2.537814707	1.989370041	0.970860378	1.083154549	1.272596834	2.412301902	1.057317752
k__Viridiplantae|p__Streptophyta|o__Lamiales|f__Oleaceae	1.065631347	0.759953037	1.327322815	0.982906135	3.278284027	1.61491871	2.569675357	1.060794166	1.994453195	2.498692864	1.000082934	1.22238902	1.12907278	2.313995292	1.553938066	2.8733642	1.817748591	0.998482307	1.047134771	1.510086314	2.443334101	1.063804317	1.124487919	2.4126975	2.956131367	2.467632035	0.905261704	1.08561347	1.483942271	2.868274009	1.04415768
k__Viridiplantae|p__Streptophyta|o__Lamiales|f__Oleaceae|g__Olea	1.065631347	0.759953037	1.327322815	0.982906135	3.278284027	1.61491871	2.569675357	1.060794166	1.994453195	2.498692864	1.000082934	1.22238902	1.12907278	2.313995292	1.553938066	2.8733642	1.817748591	0.998482307	1.047134771	1.510086314	2.443334101	1.063804317	1.124487919	2.4126975	2.956131367	2.467632035	0.905261704	1.08561347	1.483942271	2.868274009	1.04415768
k__Viridiplantae|p__Streptophyta|o__Lamiales|f__Oleaceae|g__Olea|s__Olea_europaea	1.065631347	0.759953037	1.327322815	0.982906135	3.278284027	1.61491871	2.569675357	1.060794166	1.994453195	2.498692864	1.000082934	1.22238902	1.12907278	2.313995292	1.553938066	2.8733642	1.817748591	0.998482307	1.047134771	1.510086314	2.443334101	1.063804317	1.124487919	2.4126975	2.956131367	2.467632035	0.905261704	1.08561347	1.483942271	2.868274009	1.04415768
k__Viridiplantae|p__Streptophyta|o__Rosales|f__Rosaceae|g__Prunus	0.942024645	1.831572206	9.366391185	1.313781015	1.562141052	1.241687191	1.105037186	0.545347001	1.061425734	0.811799994	0.557607216	0.621917221	2.017781678	0.96465135	1.353422107	2.096833763	0.98992386	1.154245547	0.982259929	1.080151049	3.049156229	1.111687483	0.870885935	0.976572923	2.470522633	2.863025145	1.029553929	1.42125614	1.140748305	0.858129838	1.431439787
k__Viridiplantae|p__Streptophyta|c__Liliopsida|o__Poales|f__Poaceae|g__Oryza|s__Oryza_brachyantha	1.644459207	0.958480094	0.500876534	0.873684436	1.192876773	1.382143575	0.667799929	1.563891399	1.191535986	0.767770164	1.685505627	18.29294446	1.758668662	0.54784021	1.670562221	0.918503181	1.323508706	2.102803738	1.828830928	1.794938861	1.189371385	1.569769762	1.141208929	1.032605795	0.595244918	0.890366708	1.521889242	1.706490936	0.958487103	1.142669322	1.95032261
k__Viridiplantae|p__Streptophyta|o__Vitales	2.036515707	1.182623546	1.702980215	0.792191674	1.47280292	1.802193889	1.158358803	0.753995853	1.629802095	1.254850161	0.736158608	0.836371435	0.827211741	0.878150264	1.357059035	0.805688125	1.94446751	2.103802221	1.965433588	1.560763094	1.969664348	1.975579586	1.326533456	1.403490047	0.893339366	1.351744812	1.963817152	1.844190493	1.219598896	1.188749895	1.996194859
k__Viridiplantae|p__Streptophyta|o__Vitales|f__Vitaceae	2.036515707	1.182623546	1.702980215	0.792191674	1.47280292	1.802193889	1.158358803	0.753995853	1.629802095	1.254850161	0.736158608	0.836371435	0.827211741	0.878150264	1.357059035	0.805688125	1.94446751	2.103802221	1.965433588	1.560763094	1.969664348	1.975579586	1.326533456	1.403490047	0.893339366	1.351744812	1.963817152	1.844190493	1.219598896	1.188749895	1.996194859
k__Viridiplantae|p__Streptophyta|o__Vitales|f__Vitaceae|g__Vitis	2.036515707	1.182623546	1.702980215	0.792191674	1.47280292	1.802193889	1.158358803	0.753995853	1.629802095	1.254850161	0.736158608	0.836371435	0.827211741	0.878150264	1.357059035	0.805688125	1.94446751	2.103802221	1.965433588	1.560763094	1.969664348	1.975579586	1.326533456	1.403490047	0.893339366	1.351744812	1.963817152	1.844190493	1.219598896	1.188749895	1.996194859
k__Viridiplantae|p__Streptophyta|o__Vitales|f__Vitaceae|g__Vitis|s__Vitis_vinifera	2.036515707	1.182623546	1.702980215	0.792191674	1.47280292	1.802193889	1.158358803	0.753995853	1.629802095	1.254850161	0.736158608	0.836371435	0.827211741	0.878150264	1.357059035	0.805688125	1.94446751	2.103802221	1.965433588	1.560763094	1.969664348	1.975579586	1.326533456	1.403490047	0.893339366	1.351744812	1.963817152	1.844190493	1.219598896	1.188749895	1.996194859
k__Viridiplantae|p__Streptophyta|c__Liliopsida|o__Poales|f__Poaceae|g__Zea	1.47130092	3.962002348	0.676183321	1.184765668	1.819094537	1.674925898	1.829144743	1.937639343	1.674313497	1.092490162	1.714288502	1.07227107	1.647298812	1.805208314	1.564363926	1.793449815	1.492106242	1.870157361	1.553341283	1.625743804	0.989657963	1.463229719	1.095226152	1.352177893	1.049095569	1.220980816	1.240850711	1.720014999	1.496222281	1.436553818	1.791273745
k__Viridiplantae|p__Streptophyta|c__Liliopsida|o__Poales|f__Poaceae|g__Zea|s__Zea_mays	1.47130092	3.962002348	0.676183321	1.184765668	1.819094537	1.674925898	1.829144743	1.937639343	1.674313497	1.092490162	1.714288502	1.07227107	1.647298812	1.805208314	1.564363926	1.793449815	1.492106242	1.870157361	1.553341283	1.625743804	0.989657963	1.463229719	1.095226152	1.352177893	1.049095569	1.220980816	1.240850711	1.720014999	1.496222281	1.436553818	1.791273745
k__Viridiplantae|p__Streptophyta|o__Malvales|f__Malvaceae|g__Gossypium|s__Gossypium_hirsutum	0.810250099	2.343900096	1.064362635	1.069391889	2.374692634	1.218937213	1.877774057	0.846295345	1.331918099	2.055642698	0.781528224	1.136607334	0.860960181	1.434750078	1.042586001	1.916272078	1.079457455	0.691448998	0.724588022	0.924033872	1.080234311	0.730617294	0.771953293	1.64219419	2.146805953	1.771085479	0.595912167	0.753659181	2.377151425	2.27373794	0.673795665
k__Viridiplantae|p__Streptophyta|o__Brassicales|f__Brassicaceae|g__Camelina	1.558969109	0.866688014	0.914099674	1.499502484	1.066101709	1.653165049	1.655316272	0.547946986	1.521947545	1.472247448	0.567851968	0.986489385	0.55609928	1.233644178	1.108778089	1.344277426	1.679115928	1.474758367	1.480242869	1.215834042	1.546479773	1.607278241	1.631691888	1.370034523	1.157652923	1.131048266	1.435575197	1.298310107	1.110371438	1.662445299	1.350223345
k__Viridiplantae|p__Streptophyta|o__Brassicales|f__Brassicaceae|g__Camelina|s__Camelina_sativa	1.558969109	0.866688014	0.914099674	1.499502484	1.066101709	1.653165049	1.655316272	0.547946986	1.521947545	1.472247448	0.567851968	0.986489385	0.55609928	1.233644178	1.108778089	1.344277426	1.679115928	1.474758367	1.480242869	1.215834042	1.546479773	1.607278241	1.631691888	1.370034523	1.157652923	1.131048266	1.435575197	1.298310107	1.110371438	1.662445299	1.350223345
k__Viridiplantae|p__Streptophyta|o__Apiales	1.621589245	0.809051126	0.563486101	0.637676404	1.080565978	1.514027504	1.24793912	1.811540037	1.273710881	1.323646771	1.694774689	0.707698906	1.834415158	1.207365367	1.600733205	1.660764335	1.402572647	1.918084512	1.660704577	1.736088406	0.716444062	1.489964487	1.153749686	1.272541429	1.153472453	1.465452635	1.448349675	1.627805475	1.01342399	1.191005588	1.795033765
k__Viridiplantae|p__Streptophyta|o__Apiales|f__Apiaceae	1.621589245	0.809051126	0.563486101	0.637676404	1.080565978	1.514027504	1.24793912	1.811540037	1.273710881	1.323646771	1.694774689	0.707698906	1.834415158	1.207365367	1.600733205	1.660764335	1.402572647	1.918084512	1.660704577	1.736088406	0.716444062	1.489964487	1.153749686	1.272541429	1.153472453	1.465452635	1.448349675	1.627805475	1.01342399	1.191005588	1.795033765
k__Viridiplantae|p__Streptophyta|o__Apiales|f__Apiaceae|g__Daucus	1.621589245	0.809051126	0.563486101	0.637676404	1.080565978	1.514027504	1.24793912	1.811540037	1.273710881	1.323646771	1.694774689	0.707698906	1.834415158	1.207365367	1.600733205	1.660764335	1.402572647	1.918084512	1.660704577	1.736088406	0.716444062	1.489964487	1.153749686	1.272541429	1.153472453	1.465452635	1.448349675	1.627805475	1.01342399	1.191005588	1.795033765
k__Viridiplantae|p__Streptophyta|o__Apiales|f__Apiaceae|g__Daucus|s__Daucus_carota	1.621589245	0.809051126	0.563486101	0.637676404	1.080565978	1.514027504	1.24793912	1.811540037	1.273710881	1.323646771	1.694774689	0.707698906	1.834415158	1.207365367	1.600733205	1.660764335	1.402572647	1.918084512	1.660704577	1.736088406	0.716444062	1.489964487	1.153749686	1.272541429	1.153472453	1.465452635	1.448349675	1.627805475	1.01342399	1.191005588	1.795033765
k__Viridiplantae|p__Streptophyta|o__Cucurbitales|f__Cucurbitaceae|g__Cucurbita	1.40976983	1.545522468	0.325569747	1.304240833	1.063549191	1.725371501	0.729653004	2.231437727	1.253167157	0.663199318	2.231404555	0.364572164	1.510805125	0.803693633	1.39948986	0.935349845	1.242639653	1.505711319	2.017516207	1.000049042	0.449912022	1.368261442	0.7566257	0.846650548	0.772712592	0.770284356	1.747686784	1.448918997	1.112310387	0.615804025	1.427679767
k__Viridiplantae|p__Streptophyta|o__Cucurbitales|f__Cucurbitaceae|g__Cucurbita|s__Cucurbita_pepo	1.40976983	1.545522468	0.325569747	1.304240833	1.063549191	1.725371501	0.729653004	2.231437727	1.253167157	0.663199318	2.231404555	0.364572164	1.510805125	0.803693633	1.39948986	0.935349845	1.242639653	1.505711319	2.017516207	1.000049042	0.449912022	1.368261442	0.7566257	0.846650548	0.772712592	0.770284356	1.747686784	1.448918997	1.112310387	0.615804025	1.427679767
k__Viridiplantae|p__Streptophyta|o__Fabales|f__Fabaceae|g__Cicer	0.702979085	0.565695378	0.826446281	0.790854265	2.019892624	1.005285248	1.475729066	0.720196039	1.169280285	1.678637277	0.700058054	1.093716492	0.730841199	1.128893918	1.141752902	1.914688204	1.071514959	0.613068136	0.663368101	0.919129667	1.591025517	0.75854914	2.242008751	1.693506344	2.148693907	1.576748473	0.651498412	0.798534483	1.146565152	1.640210617	0.668907639
k__Viridiplantae|p__Streptophyta|o__Fabales|f__Fabaceae|g__Cicer|s__Cicer_arietinum	0.702979085	0.565695378	0.826446281	0.790854265	2.019892624	1.005285248	1.475729066	0.720196039	1.169280285	1.678637277	0.700058054	1.093716492	0.730841199	1.128893918	1.141752902	1.914688204	1.071514959	0.613068136	0.663368101	0.919129667	1.591025517	0.75854914	2.242008751	1.693506344	2.148693907	1.576748473	0.651498412	0.798534483	1.146565152	1.640210617	0.668907639
k__Viridiplantae|p__Streptophyta|o__Fabales|f__Fabaceae|g__Cajanus	0.660506297	0.520866688	0.926621588	0.711144715	1.705082063	1.030343195	1.535449277	0.666896332	1.31993426	1.700652192	0.61468512	1.308170706	0.695592829	1.493147435	0.989971777	1.836718385	1.107256192	0.630541577	0.700374173	1.096089714	3.984616869	0.646422729	0.525318396	1.285266844	1.798208736	1.364666156	0.539635409	0.640548831	1.100030377	2.346886822	0.567387087
k__Viridiplantae|p__Streptophyta|o__Fabales|f__Fabaceae|g__Cajanus|s__Cajanus_cajan	0.660506297	0.520866688	0.926621588	0.711144715	1.705082063	1.030343195	1.535449277	0.666896332	1.31993426	1.700652192	0.61468512	1.308170706	0.695592829	1.493147435	0.989971777	1.836718385	1.107256192	0.630541577	0.700374173	1.096089714	3.984616869	0.646422729	0.525318396	1.285266844	1.798208736	1.364666156	0.539635409	0.640548831	1.100030377	2.346886822	0.567387087
k__Viridiplantae|p__Streptophyta|o__Gentianales	0.718225727	0.597715871	1.177059855	0.876180932	1.985008211	1.199484334	1.935361403	0.791045649	1.295966582	1.252098297	0.757135958	1.158052756	0.737590886	2.558169243	1.235585642	2.035134655	1.13649902	0.739875389	0.726872347	1.11325443	2.0246041	0.69031563	0.515564473	1.290603308	1.913980771	1.464418927	0.56035078	0.714931181	0.919708124	1.845800867	0.644467506
k__Viridiplantae|p__Streptophyta|o__Gentianales|f__Rubiaceae	0.718225727	0.597715871	1.177059855	0.876180932	1.985008211	1.199484334	1.935361403	0.791045649	1.295966582	1.252098297	0.757135958	1.158052756	0.737590886	2.558169243	1.235585642	2.035134655	1.13649902	0.739875389	0.726872347	1.11325443	2.0246041	0.69031563	0.515564473	1.290603308	1.913980771	1.464418927	0.56035078	0.714931181	0.919708124	1.845800867	0.644467506
k__Viridiplantae|p__Streptophyta|o__Gentianales|f__Rubiaceae|g__Coffea	0.718225727	0.597715871	1.177059855	0.876180932	1.985008211	1.199484334	1.935361403	0.791045649	1.295966582	1.252098297	0.757135958	1.158052756	0.737590886	2.558169243	1.235585642	2.035134655	1.13649902	0.739875389	0.726872347	1.11325443	2.0246041	0.69031563	0.515564473	1.290603308	1.913980771	1.464418927	0.56035078	0.714931181	0.919708124	1.845800867	0.644467506
k__Viridiplantae|p__Streptophyta|o__Brassicales|f__Brassicaceae|g__Brassica|s__Brassica_oleracea	1.989142213	4.450848543	0.363135487	0.772130545	0.367562601	1.534799223	0.659481757	1.829739936	1.05800178	0.646688131	2.117736593	0.3002359	2.000157493	0.513166779	1.860167396	0.340245025	1.413764346	2.08632878	1.986449382	1.747122867	0.377153972	2.497107059	2.065044729	1.433251097	0.51136582	1.124501451	3.30168485	1.606289919	1.021826102	0.33835386	1.99995488
k__Viridiplantae|p__Streptophyta|o__Caryophyllales	1.53119844	0.988365888	1.289757075	0.753050183	1.495775583	1.678552706	1.510708047	0.497247265	1.434636718	1.301631856	0.462477376	0.557580956	0.482227697	1.367593116	1.573577476	1.275738859	1.450588647	1.57959901	1.31851263	1.688681096	2.285196707	1.40377479	1.645626062	1.3066127	1.324467142	1.296958316	1.382751001	1.662230364	1.081287204	1.786508382	1.964234685
k__Viridiplantae|p__Streptophyta|o__Caryophyllales|f__Chenopodiaceae	1.53119844	0.988365888	1.289757075	0.753050183	1.495775583	1.678552706	1.510708047	0.497247265	1.434636718	1.301631856	0.462477376	0.557580956	0.482227697	1.367593116	1.573577476	1.275738859	1.450588647	1.57959901	1.31851263	1.688681096	2.285196707	1.40377479	1.645626062	1.3066127	1.324467142	1.296958316	1.382751001	1.662230364	1.081287204	1.786508382	1.964234685
k__Viridiplantae|p__Streptophyta|o__Caryophyllales|f__Chenopodiaceae|g__Beta	1.53119844	0.988365888	1.289757075	0.753050183	1.495775583	1.678552706	1.510708047	0.497247265	1.434636718	1.301631856	0.462477376	0.557580956	0.482227697	1.367593116	1.573577476	1.275738859	1.450588647	1.57959901	1.31851263	1.688681096	2.285196707	1.40377479	1.645626062	1.3066127	1.324467142	1.296958316	1.382751001	1.662230364	1.081287204	1.786508382	1.964234685
k__Viridiplantae|p__Streptophyta|o__Caryophyllales|f__Chenopodiaceae|g__Beta|s__Beta_vulgaris	1.53119844	0.988365888	1.289757075	0.753050183	1.495775583	1.678552706	1.510708047	0.497247265	1.434636718	1.301631856	0.462477376	0.557580956	0.482227697	1.367593116	1.573577476	1.275738859	1.450588647	1.57959901	1.31851263	1.688681096	2.285196707	1.40377479	1.645626062	1.3066127	1.324467142	1.296958316	1.382751001	1.662230364	1.081287204	1.786508382	1.964234685
k__Viridiplantae|p__Streptophyta|o__Fabales|f__Fabaceae|g__Vigna|s__Vigna_radiata	0.982863864	0.785569431	0.651139494	0.597910789	1.614042253	1.435226857	1.637613495	0.391947844	1.566458947	1.865764055	0.370274608	0.643362642	0.406856183	1.341679289	1.159210156	1.432326445	1.344448015	1.244108954	1.223027828	1.056447394	1.743965908	1.254139899	3.046010646	1.259610767	1.608132227	1.375864653	1.136238089	1.153848518	1.048971388	1.583173824	1.132142159
k__Viridiplantae|p__Streptophyta|o__Solanales|f__Solanaceae|g__Solanum|s__Solanum_pennellii	0.527098183	0.495250294	0.989231155	3.139432867	1.558737695	1.199484334	2.112175885	0.636996497	1.253167157	3.082088115	0.586390091	0.900707699	0.683593384	1.604832381	0.848374051	1.696977464	1.135415952	0.513219906	0.561487187	0.866818152	1.584343656	0.563425242	0.791461138	1.58123535	1.762270184	1.383789744	0.431570225	0.536044703	1.31719266	1.662445299	0.488802659
k__Viridiplantae|p__Streptophyta|o__Rosales|f__Cannabaceae	0.810794622	0.612658768	0.738792888	0.780244157	1.605533859	1.125959043	1.348610332	0.938594838	1.350749846	1.386939652	0.938614422	1.393952391	0.984329475	1.423800573	1.086229136	1.415119809	1.18451502	0.838725138	0.872155444	1.168018047	3.074398818	0.893819081	1.67488783	1.099106348	1.503755343	1.234763582	0.699489021	0.880908325	0.770409054	1.622809562	0.879844786
k__Viridiplantae|p__Streptophyta|o__Rosales|f__Cannabaceae|g__Cannabis	0.810794622	0.612658768	0.738792888	0.780244157	1.605533859	1.125959043	1.348610332	0.938594838	1.350749846	1.386939652	0.938614422	1.393952391	0.984329475	1.423800573	1.086229136	1.415119809	1.18451502	0.838725138	0.872155444	1.168018047	3.074398818	0.893819081	1.67488783	1.099106348	1.503755343	1.234763582	0.699489021	0.880908325	0.770409054	1.622809562	0.879844786
k__Viridiplantae|p__Streptophyta|o__Rosales|f__Cannabaceae|g__Cannabis|s__Cannabis_sativa	0.810794622	0.612658768	0.738792888	0.780244157	1.605533859	1.125959043	1.348610332	0.938594838	1.350749846	1.386939652	0.938614422	1.393952391	0.984329475	1.423800573	1.086229136	1.415119809	1.18451502	0.838725138	0.872155444	1.168018047	3.074398818	0.893819081	1.67488783	1.099106348	1.503755343	1.234763582	0.699489021	0.880908325	0.770409054	1.622809562	0.879844786
k__Viridiplantae|p__Streptophyta|o__Fabales|f__Fabaceae|g__Phaseolus	0.895195674	0.69591205	1.264713248	0.674767202	1.481311314	1.145411923	1.647211386	0.744895903	1.148736561	1.846501004	0.720547558	0.814926013	0.736840921	1.601182546	0.980758227	1.732326661	1.206898419	0.66648694	0.710425204	1.047865036	1.36309979	0.775707274	0.659086475	1.310512424	2.420694133	1.761265258	0.780278967	0.71247226	0.889331257	1.907993529	0.735083999
k__Viridiplantae|p__Streptophyta|o__Fabales|f__Fabaceae|g__Phaseolus|s__Phaseolus_vulgaris	0.895195674	0.69591205	1.264713248	0.674767202	1.481311314	1.145411923	1.647211386	0.744895903	1.148736561	1.846501004	0.720547558	0.814926013	0.736840921	1.601182546	0.980758227	1.732326661	1.206898419	0.66648694	0.710425204	1.047865036	1.36309979	0.775707274	0.659086475	1.310512424	2.420694133	1.761265258	0.780278967	0.71247226	0.889331257	1.907993529	0.735083999
k__Viridiplantae|p__Streptophyta|c__Liliopsida|o__Poales|f__Poaceae|g__Brachypodium	1.879148584	2.18806703	0.275482094	0.967303035	0.228875786	1.273009624	0.582698628	1.941539322	0.89878792	0.47056881	2.015776918	0.128672528	2.029031157	0.556599814	1.543027282	0.275018197	1.21123069	1.986979791	1.817409301	1.830494344	0.907248335	1.731375444	1.823983502	0.894473476	0.287036431	0.832306804	1.601643419	1.899516207	1.090335632	0.505919581	2.023643009
k__Viridiplantae|p__Streptophyta|c__Liliopsida|o__Poales|f__Poaceae|g__Brachypodium|s__Brachypodium_distachyon	1.879148584	2.18806703	0.275482094	0.967303035	0.228875786	1.273009624	0.582698628	1.941539322	0.89878792	0.47056881	2.015776918	0.128672528	2.029031157	0.556599814	1.543027282	0.275018197	1.21123069	1.986979791	1.817409301	1.830494344	0.907248335	1.731375444	1.823983502	0.894473476	0.287036431	0.832306804	1.601643419	1.899516207	1.090335632	0.505919581	2.023643009
k__Viridiplantae|p__Streptophyta|c__Bryopsida	0.653972022	0.444017505	0.788880541	0.621805823	1.927151135	1.018473641	1.428379471	0.718896046	1.189824009	1.728170836	0.682495622	0.664808063	0.765339603	1.435115061	0.985607464	1.44197368	0.886310386	0.644520329	0.657428855	0.839436343	1.073552449	0.638043175	1.205306134	1.514324301	1.922072003	1.488883337	0.534456567	0.606123942	1.995824797	1.123334816	0.648227526
k__Viridiplantae|p__Streptophyta|c__Bryopsida|o__Funariales	0.653972022	0.444017505	0.788880541	0.621805823	1.927151135	1.018473641	1.428379471	0.718896046	1.189824009	1.728170836	0.682495622	0.664808063	0.765339603	1.435115061	0.985607464	1.44197368	0.886310386	0.644520329	0.657428855	0.839436343	1.073552449	0.638043175	1.205306134	1.514324301	1.922072003	1.488883337	0.534456567	0.606123942	1.995824797	1.123334816	0.648227526
k__Viridiplantae|p__Streptophyta|c__Bryopsida|o__Funariales|f__Funariaceae	0.653972022	0.444017505	0.788880541	0.621805823	1.927151135	1.018473641	1.428379471	0.718896046	1.189824009	1.728170836	0.682495622	0.664808063	0.765339603	1.435115061	0.985607464	1.44197368	0.886310386	0.644520329	0.657428855	0.839436343	1.073552449	0.638043175	1.205306134	1.514324301	1.922072003	1.488883337	0.534456567	0.606123942	1.995824797	1.123334816	0.648227526
k__Viridiplantae|p__Streptophyta|c__Bryopsida|o__Funariales|f__Funariaceae|g__Physcomitrella	0.653972022	0.444017505	0.788880541	0.621805823	1.927151135	1.018473641	1.428379471	0.718896046	1.189824009	1.728170836	0.682495622	0.664808063	0.765339603	1.435115061	0.985607464	1.44197368	0.886310386	0.644520329	0.657428855	0.839436343	1.073552449	0.638043175	1.205306134	1.514324301	1.922072003	1.488883337	0.534456567	0.606123942	1.995824797	1.123334816	0.648227526
k__Viridiplantae|p__Streptophyta|c__Bryopsida|o__Funariales|f__Funariaceae|g__Physcomitrella|s__Physcomitrella_patens	0.653972022	0.444017505	0.788880541	0.621805823	1.927151135	1.018473641	1.428379471	0.718896046	1.189824009	1.728170836	0.682495622	0.664808063	0.765339603	1.435115061	0.985607464	1.44197368	0.886310386	0.644520329	0.657428855	0.839436343	1.073552449	0.638043175	1.205306134	1.514324301	1.922072003	1.488883337	0.534456567	0.606123942	1.995824797	1.123334816	0.648227526
k__Viridiplantae|p__Streptophyta|o__Malvales|f__Malvaceae|g__Gossypium|s__Gossypium_raimondii	1.146765262	0.589177073	0.313047834	0.456858766	0.919757341	1.049136655	0.876394094	1.138793737	1.030610149	0.927378299	1.102530454	0.428908428	1.073200364	0.975235871	1.159937542	1.171059158	1.009419079	1.050403387	1.017895405	1.135323351	1.331175339	1.106899166	1.64144581	1.277262148	1.255084833	1.17635911	1.100331446	1.035205597	0.713533217	1.028595735	1.103942005
k__Viridiplantae|p__Streptophyta|o__Myrtales	1.640647547	0.858149215	0.313047834	0.941178988	0.82871753	1.286527727	0.794918663	1.931139379	0.987810724	0.685214233	1.936745974	0.3002359	1.919911204	0.718287497	1.584973184	0.645860796	1.312317007	1.885134595	1.70502049	1.656395083	1.224265552	1.747336499	1.286124349	1.034453033	0.675213255	1.036119462	1.571606132	1.825133857	1.226708376	0.6912086	2.145843673
k__Viridiplantae|p__Streptophyta|o__Myrtales|f__Lythraceae	1.640647547	0.858149215	0.313047834	0.941178988	0.82871753	1.286527727	0.794918663	1.931139379	0.987810724	0.685214233	1.936745974	0.3002359	1.919911204	0.718287497	1.584973184	0.645860796	1.312317007	1.885134595	1.70502049	1.656395083	1.224265552	1.747336499	1.286124349	1.034453033	0.675213255	1.036119462	1.571606132	1.825133857	1.226708376	0.6912086	2.145843673
k__Viridiplantae|p__Streptophyta|o__Myrtales|f__Lythraceae|g__Punica	1.640647547	0.858149215	0.313047834	0.941178988	0.82871753	1.286527727	0.794918663	1.931139379	0.987810724	0.685214233	1.936745974	0.3002359	1.919911204	0.718287497	1.584973184	0.645860796	1.312317007	1.885134595	1.70502049	1.656395083	1.224265552	1.747336499	1.286124349	1.034453033	0.675213255	1.036119462	1.571606132	1.825133857	1.226708376	0.6912086	2.145843673
k__Viridiplantae|p__Streptophyta|o__Myrtales|f__Lythraceae|g__Punica|s__Punica_granatum	1.640647547	0.858149215	0.313047834	0.941178988	0.82871753	1.286527727	0.794918663	1.931139379	0.987810724	0.685214233	1.936745974	0.3002359	1.919911204	0.718287497	1.584973184	0.645860796	1.312317007	1.885134595	1.70502049	1.656395083	1.224265552	1.747336499	1.286124349	1.034453033	0.675213255	1.036119462	1.571606132	1.825133857	1.226708376	0.6912086	2.145843673
k__Viridiplantae|p__Streptophyta|o__Fabales|f__Fabaceae|g__Arachis|s__Arachis_hypogaea	1.911275436	0.958480094	0.500876534	0.701872015	1.011647991	1.620853487	0.662254481	0.840445378	1.224063549	0.897107791	0.774210544	0.428908428	0.762714724	0.581418691	1.395125547	0.848020769	1.565032799	2.0428948	1.886395928	1.314326816	0.439518015	1.986353298	1.130061589	1.202551651	0.704813676	1.128636281	1.951733186	1.902589858	1.012131357	0.762746273	1.93753854
k__Viridiplantae|p__Streptophyta|o__Solanales|f__Solanaceae|g__Solanum|s__Solanum_lycopersicum	0.576105245	0.629736365	1.014274981	1.701718659	1.516195727	1.02111132	1.658088996	0.54729699	1.09224132	1.678637277	0.56248567	1.329616127	0.593972529	1.700823038	0.816126623	1.636502258	1.21267478	0.504233565	0.57884806	0.647763683	1.229462556	0.600135669	0.452860686	1.290398059	1.7147342	1.373452669	0.46816738	0.498546163	0.724520595	2.049135425	0.491810675