	P1.1	P1.2	P1.3	P1.4	P2.1	P2.2	P2.3	P2.4	P2.5	P2.6	P2.7	P3.1	P3.2	P3.3	P3.4	P4.1	P4.2	P4.3	P4.4	P4.5	P6.1	P6.2	P6.3	P6.4	P6.5	P7.1.1	P7.1.2	P7.1.3	P7.1.4
Acetamide	-0.72608	5.0437	-0.21109	-0.32058	0.92948	-0.81749	-0.25355	0.094814	0.45309	0.01361	0.09737	1.923	1.9146	-0.30124	-0.87748	1.4021	-0.25068	-0.27792	-1.0851	-0.61464	1.0508	-0.32651	-0.54528	0.8348	-0.27484	0.7587	0.46778	-0.72608	-0.81889
Acetatic_acid	3.5581	0.099629	0.15372	0.50624	1.7932	-0.8219	-0.71633	-1.0314	0.44127	-0.93954	-0.53967	1.9742	-0.17013	-0.49147	-0.61256	0.3456	-1.872	0.38615	-0.30897	-0.86033	1.5846	-0.12054	-0.58027	-1.1099	-0.012852	0.46614	-0.98141	-0.68307	-0.59765
Aminoacetone	-0.53978	-0.74438	-0.85801	-0.68638	0.1186	-0.52064	-0.45831	0.38501	0.66466	0.55949	0.40255	-0.11873	0.18279	-0.81889	-1.0105	7.437	-0.026345	-0.47346	-0.41319	-0.62472	-0.45831	0.08948	-1.1119	1.0124	-0.81411	0.61417	-0.095568	-0.52735	-0.93934
Histamine	-0.2899	-0.12337	-0.51144	-0.58432	-0.52093	-0.33421	-0.55291	-0.20725	-0.47071	-0.29735	0.43652	0.54719	-0.56826	-0.52772	-0.090447	3.5497	-0.21997	-0.40012	-0.15362	-0.04233	0.089361	-0.56913	-0.50472	-0.35029	-0.57988	-0.051887	-0.23038	-0.55092	-0.27061
Valine;_Betaine	-0.033625	-0.70432	-0.68492	-0.77977	0.37259	-0.48774	-0.50677	-0.25653	-0.14776	-0.24267	0.086725	1.7569	-0.4292	-0.49576	-0.394	0.72516	-0.54853	0.029699	-0.4292	-0.40437	0.029699	-0.45259	-0.78957	0.37259	-0.70583	-0.43419	-0.28731	-0.52777	-0.47917
2-Hydroxymethylclavam	-0.80714	2.1785	-0.59015	0.5078	0.30532	-0.32732	-0.5629	0.58055	0.19358	0.68895	-0.56759	0.56956	0.51213	-0.4223	-0.48156	2.2984	-0.72269	-0.40755	-0.63148	-0.72988	0.61534	-0.15512	-0.83151	-0.64406	0.15785	0.50352	1.0023	-0.51092	-0.62673
psi-Pelletierine	-0.21206	0.87382	-0.22647	-0.080434	0.57502	-0.21465	-0.068625	-0.04326	-0.29843	-0.077856	-0.15747	9.7065	0.13549	-0.20094	-0.25835	0.25889	-0.20981	-0.058014	-0.097803	-0.34047	0.2153	-0.21603	-0.30379	-0.26744	-0.13335	0.16949	-0.053989	-0.1998	-0.29463
L-2-Amino-4-methylenepentanedioic_acid	-1.2934	1.7626	-1.3341	3.162	1.4984	0.3945	-0.10412	1.4612	1.0237	1.5764	-1.5191	1.9849	0.69901	-0.21524	-0.18233	1.7751	-0.46616	0.029733	-0.49463	-0.46616	2.7068	-0.47142	-0.95711	-0.91023	1.5471	2.3373	1.6653	-0.29831	-0.45291
Pimelate	-0.38456	-0.28407	-0.26112	-0.0051375	0.14996	-0.37618	-0.34764	-0.16434	0.46381	-0.18271	-0.33202	3.5931	-0.24403	-0.36085	-0.15277	-0.26043	-0.40045	-0.27807	-0.17549	-0.21907	0.68553	-0.33338	-0.38408	-0.31196	1.3579	0.2048	0.0083182	-0.36961	-0.18739
Propylhydroxypentanoic_acid	-0.61322	1.7516	-0.57558	-0.29392	-0.087908	-0.81756	-1.1811	0.37601	0.37133	0.34364	-0.4843	3.8976	0.72646	-1.098	-0.36602	2.5792	-1.1076	0.14473	-0.27536	-0.44779	2.6153	-0.71387	-0.87694	-0.89428	3.6769	3.1925	0.51153	-1.0795	-0.49534
Tetrahydrodipicolinate	-0.72156	1.2061	0.22184	1.8488	1.5514	-0.63939	-0.073358	0.54905	0.32018	0.60531	-0.59822	0.14144	0.033257	0.01287	-1.0109	1.244	-0.71297	-0.14594	-0.95699	-1.0841	-0.12687	-0.63631	-0.82757	-0.89766	0.369	0.74855	0.23553	-0.082052	-1.0863
Gabapentin	-0.10839	-0.10381	-0.10529	-0.10619	0.048245	-0.10841	-0.090716	-0.10838	-0.10747	-0.10648	-0.10752	9.8958	-0.10523	-0.10782	-0.10588	0.068898	-0.10837	-0.10545	0.034968	-0.10489	-0.10734	-0.10673	-0.10791	-0.10868	-0.10693	0.0023734	-0.10849	-0.10898	-0.10828
Acetyl-Asp;_Berteroin	-0.60679	1.2917	-0.13445	-0.049013	-0.16776	-0.53739	-0.37867	-0.018563	-0.55728	0.033048	-0.25184	3.0101	-0.23082	-0.37899	-0.41572	0.51629	-0.3413	-0.29548	-0.31048	-0.54117	0.34233	-0.31498	-0.39942	-0.36142	-0.42283	0.95018	0.063134	-0.39369	-0.38316
Calystegin_B2	-0.29399	0.25634	-0.38472	-0.010888	0.84534	-0.17324	-0.18758	0.0018405	-0.12095	0.031496	-0.42138	0.10527	-0.15364	-0.19822	-0.35728	0.22913	-0.30526	-0.078581	-0.38963	-0.41024	0.23477	-0.2167	-0.37043	-0.26588	-0.084461	0.0054535	0.053564	-0.19806	-0.39412
Potassium_2-(1''-ethoxy)_ethoxypropanoate	-0.1184	1.5848	-0.39946	0.26675	1.5248	-0.52358	0.10549	0.26164	-0.27146	0.30936	-0.56302	0.37542	-0.1982	0.047271	-0.23691	-0.096667	-0.057598	-0.22416	-0.28144	-0.22966	3.4379	-0.47789	-0.18063	-0.46351	0.045486	0.82705	0.31322	0.049221	-0.18797
1-Isothiocyanato-7-(methylthio)heptane	-0.1884	0.39191	-0.10221	-0.13649	9.7912	-0.1738	-0.17415	0.003004	-0.16025	-0.028094	-0.18238	0.27679	-0.062848	-0.17068	0.068458	0.40528	-0.18935	-0.12859	-0.1536	-0.1841	0.071022	-0.19078	-0.18837	-0.16025	-0.16409	0.23455	0.015852	-0.1834	-0.16588
"N-Methylcalystegine_C1;_Dihydro-2,4-dimethyl-6-(2-methylpropyl)-4H-1,3,5-di..."	-0.11301	-0.088568	-0.88678	0.06943	1.6757	0.13459	-0.59161	-0.026733	1.3697	0.050878	0.31947	2.1681	-0.40929	-0.63593	-0.44891	0.95791	-0.7021	-0.20691	-0.56839	-0.4755	4.3346	-0.12545	-1.1535	0.28736	-0.42152	-0.60471	0.22601	-0.70048	-0.6622
"2-(2,6-dihydroxy-3,4-dimethoxycyclohexylidene)acetonitrile"	0.2075	-0.038344	-0.47142	-0.44507	-0.40993	-0.53457	-0.46916	-0.2562	-0.11384	-0.27538	0.059885	0.50731	-0.32063	-0.45668	-0.36165	-0.0069284	-0.59632	-0.49648	-0.37812	-0.37388	-0.3394	-0.51911	-0.6172	-0.24467	-0.49532	-0.087165	-0.25872	-0.47109	-0.41305
N-Acetyl-b-glucosaminylamine	0.31528	0.47298	-0.37017	-0.5991	1.1011	-0.34569	-0.59258	1.1032	-0.40723	1.267	-0.62748	0.18964	-0.17935	-0.55198	-0.46658	0.22926	-0.35862	1.5273	-0.53906	-0.49331	0.64145	-0.51508	-0.48544	-0.21655	-0.42651	0.40399	1.0075	-0.54217	-0.64292
N-Acetylgalactosamine;_2''-Deoxysepiapterin	-1.6264	2.9885	-0.93999	0.25716	1.5235	-0.49333	0.044474	0.92266	-0.14282	1.162	-1.1212	1.2898	0.45808	-0.18571	-0.65975	1.1773	-0.35957	-0.45686	-1.0206	-1.0117	0.37294	-0.58007	-0.22151	-0.12294	0.30882	1.1989	0.86732	0.033695	-1.0055
Methyl_dihydrojasmonate	-0.37344	2.7622	2.1433	-0.34256	0.51566	-0.88142	-1.0003	1.6092	0.83874	1.6368	-0.26492	0.72897	1.2089	-1.1691	-0.92311	3.987	-1.3588	0.9118	-0.71347	-1.3522	3.5778	-0.43002	-0.84953	-0.68024	-0.24854	2.0979	1.6677	-1.2706	-0.62213
"3,3''-Dithiobis[4,5-dihydro-2-methylfuran]"	2.024	0.51077	-0.11342	-0.13982	7.2842	-0.21802	-0.28523	-0.20856	5.4234	-0.19844	-0.58695	-0.0074381	0.14881	-0.34606	-0.26767	-0.22744	-0.45877	-0.044016	-0.39976	-0.38836	-0.0049838	-0.073717	-0.25076	-0.43533	-0.14512	-0.19348	-0.094986	-0.30931	-0.429
Trimetaphosphoric_acid	-0.069698	0.034849	-0.10899	-0.19017	-0.12635	-0.22654	-0.63516	0.057004	1.4718	0.17469	-0.67733	0.37267	0.26792	-0.56848	-0.13636	-0.23361	-1.0059	-0.052423	-0.41841	-0.0054149	2.1721	0.33743	-0.39782	-0.63121	-0.57905	1.0872	0.55629	-0.43105	0.46559
D-glycero-L-galacto-Octulose	-0.87192	0.75622	-0.81699	1.6756	5.3854	0.90824	0.51451	0.76287	-0.030158	0.9117	-1.1765	2.0858	0.5071	0.11457	-0.49666	-0.37857	-0.43182	-0.4571	-0.62506	-0.64152	0.3717	0.24175	-0.24948	-0.83217	0.84378	0.37588	0.91819	0.32546	-0.69781
Melatonin_radical	-0.52964	3.5224	-1.7443	-0.31811	2.5699	-0.60865	-0.51532	1.5731	1.7585	1.7164	-0.77291	1.5093	1.3221	-0.56267	1.0931	0.65358	-0.67282	-0.39624	0.32649	0.28762	2.3807	-1.2129	-1.5104	0.127	-0.14319	3.1734	1.5004	-0.42722	0.65255
Ascorbalamic_acid	-1.3052	0.33326	-0.77537	3.1763	1.1002	-0.77735	-0.31134	-0.1081	3.1203	-0.071965	-0.71109	2.9101	-0.59859	-0.30918	-0.076227	3.259	-0.64563	-0.84189	-0.30475	-0.22546	0.31081	-0.79888	-0.45116	-1.0108	1.4257	-0.22339	-0.083173	-0.35516	-0.4853
Lactapiperanol_C	2.864	4.7905	-0.37226	-0.53977	-0.6729	-0.81836	-1.0121	1.1041	-0.23958	1.3608	0.29844	0.93323	0.7194	-0.91166	-0.42098	0.2085	-0.65287	-0.17906	0.12576	-1.008	3.6735	-0.88908	-0.73307	0.06538	-0.30767	0.93437	1.023	-0.83188	0.2077
"2-trans,4-cis-Decadienoylcarnitine"	1.1482	1.2116	-0.53051	-0.69659	-0.37385	0.13152	-0.81417	0.82664	-0.40702	0.74069	-0.3772	0.73673	0.83221	-0.71203	-0.31308	1.8491	-0.32612	-0.026448	-0.094817	-0.51301	0.33625	-0.66151	-0.70173	0.17336	-0.67334	0.65762	0.7813	-0.58541	-0.10901
N-desmethylalmotriptan	-0.99809	5.1281	0.18956	-0.33325	0.86759	-0.62273	-0.10196	1.8577	-1.2517	1.9168	-1.0679	0.86658	-0.2331	0.0039251	-0.22712	0.16109	-0.15196	-0.35085	-0.11607	-0.25426	0.21588	-0.71087	-0.68041	-0.85617	0.33066	1.1766	1.7846	0.27743	-0.40715
"(ent-2b,4S,9a)-2,4,9-Trihydroxy-10(14)-oplopen-3-one_2-(2-methylbutanoate)_..."	1.9824	1.5982	-0.24802	-0.88589	-0.49054	-0.06649	-0.48942	1.2816	-0.4227	1.2015	1.271	1.4706	0.17347	-0.4634	-0.78468	0.91231	0.32083	-0.25419	-0.48686	-0.75185	2.6113	-0.15208	-0.67689	1.2698	-0.85091	0.40482	0.841	-0.37587	-0.50034
Diphenoxylate	0.41273	0.54197	-0.83866	-0.68429	-0.237	0.045364	-0.36342	-0.21902	-0.40325	-0.16804	3.8491	-0.14126	-0.13889	-0.3507	-0.31876	-0.19356	-0.27076	-0.31024	-0.28777	-0.3572	0.33294	-0.13584	-0.58824	0.96779	-0.68381	0.00013319	-0.19284	-0.32341	-0.29965
Dolicholide	3.8677	2.6187	0.24378	-0.63511	-0.37519	-0.66952	-1.0515	1.9059	-0.62328	1.9441	3.9738	0.86948	0.36882	-0.7508	-0.74717	1.0086	-0.16415	-0.009067	-0.45622	-0.86282	3.1949	-0.53402	-0.57154	1.2121	-0.83405	0.55763	1.1969	-0.88398	-0.62375
Goshonoside_F1	1.019	0.15021	-0.66662	-0.59352	-0.26002	-0.48682	-0.36161	0.25496	-0.3529	0.1351	1.4683	4.7434	-0.36138	-0.37882	-0.3412	0.48413	-0.22936	-0.52511	-0.060922	-0.59317	1.3984	-0.62717	-0.38247	-0.19537	-0.62793	1.1028	0.13342	-0.34229	-0.16429
Tangeraxanthin	2.0418	4.3517	-0.87356	-1.3609	-0.65638	-0.40615	-0.61546	0.56775	-0.53879	0.4872	2.0669	2.1722	0.24505	-0.43952	0.75543	0.015888	-0.2916	-0.70729	0.47454	0.078812	2.4909	-0.77407	-0.44139	0.2742	-1.2351	3.0672	0.55307	-0.42052	0.32822
Spirolide_E	0.20073	0.14249	0.0093003	-0.15345	-0.40947	-0.37135	-0.35491	-0.20349	-0.11003	-0.075611	0.32752	-0.17263	-0.64665	-0.40549	-0.27169	-0.0064588	-0.21203	-0.18458	-0.25757	0.061642	-0.029281	-0.36236	-0.079048	0.1188	-0.40136	9.6608	-0.17101	-0.29086	-0.40198
"1,2-Di-O-myristoyl-3-O-(6-sulfoquinovopyranosyl)glycerol"	-0.088084	-0.004646	-0.33074	-0.3725	-0.13037	-0.094983	-0.23074	-0.21718	-0.36973	-0.11136	-0.18961	-0.24764	-0.13696	-0.22784	-0.36462	-0.31006	-0.25872	-0.26792	-0.34468	-0.34434	-0.14718	-0.22523	-0.30436	-0.25471	-0.39712	0.14635	-0.22016	-0.24833	-0.39646
14-hydroxyclarithromycin	0.11269	0.16416	-0.32143	-0.49183	-0.28673	-0.089708	-0.42177	0.1561	-0.20451	0.14841	0.2647	-0.12932	-0.37871	-0.51451	-0.37248	-0.17245	-0.093982	-0.16114	-0.29867	-0.19207	-0.047521	-0.10023	-0.22586	-0.14635	-0.63578	9.2475	-0.16483	-0.36281	-0.35264
Azaspiracid_4	4.2466	1.0267	-0.51313	-1.604	0.89796	-0.73133	-0.48709	0.036553	-0.90744	-0.43216	0.37233	1.0373	-0.17554	-1.8856	0.52717	-0.22943	0.97496	-0.86934	1.4109	0.26276	0.99543	-0.97965	-0.42361	0.132	-1.5342	1.365	0.73573	-1.068	0.26111
Cyclopassifloside_III	3.1085	1.6273	-0.24754	-1.4278	0.9849	-0.69787	-0.88823	0.007329	-0.50364	1.6008	0.76348	1.7581	-0.029897	-1.3528	0.158	-0.42499	1.2635	-0.22826	0.88012	0.7395	0.67041	0.20472	-0.47987	0.91653	-1.1835	2.7268	0.14477	-1.9095	0.28673
"PGP(16:0/20:4(5Z,8Z,11Z,14Z))"	0.57846	2.4282	0.48209	-1.6087	0.42594	1.2388	-0.06718	0.6259	-1.2943	0.11153	-0.87122	2.2679	0.36423	-1.0925	0.18176	2.0286	0.77275	-1.9178	-0.59437	-0.44124	0.82922	-0.58857	-0.43842	-0.32914	-2.0297	1.3074	0.25536	-0.46621	-0.48146
Deltonin	0.99046	0.58852	-1.5447	-1.2878	2.7746	2.0564	-0.55186	1.5495	-1.0084	1.1528	-0.40999	0.96814	-1.0237	0.076535	0.47716	-0.28901	1.508	-0.62755	-0.83591	0.67931	0.59486	-0.18393	-1.8655	0.030931	-1.9675	0.81038	0.72303	-0.34969	-1.3019
Araliasaponin_II	-0.175	-0.10147	-0.22983	-1.1467	0.96134	0.3218	-0.60412	0.23498	-0.7362	0.026629	0.66678	0.64439	-0.13885	-0.54865	-0.27549	0.021852	0.76283	0.13733	-0.47653	0.32685	-0.044818	-0.068075	-1.0292	0.70957	-0.68452	0.69574	-0.19444	-0.86956	-0.34566
Tragopogonsaponin_M	1.1749	0.48487	0.07394	-1.1913	0.84602	0.73369	-1.154	-0.1943	-0.64267	-0.61764	3.4596	0.39892	0.82544	-1.7207	0.024453	0.65416	2.0036	-0.43659	-0.93965	-0.36418	0.251	-0.012185	-0.40845	1.4195	-0.79008	0.028576	-0.29503	-0.87616	-0.31328
"CDP-DG(18:2(9Z,11Z)/a-15:0)"	2.7422	-0.7855	-0.39413	-1.3739	2.0318	-0.089299	-0.78887	0.71006	-0.45757	-0.1052	-0.44788	1.5817	-1.4212	-2.0093	0.57603	-0.48197	1.2482	-0.96292	0.93215	0.5399	1.4456	1.2717	0.61678	1.0903	-1.225	1.7337	0.57311	0.75045	0.95024
"PIP(16:0/22:4(10Z,13Z,16Z,19Z))"	0.033815	0.66413	1.3023	-1.3935	1.3058	1.0497	-0.091621	-0.27628	-0.20244	0.38757	2.0755	1.0036	0.81805	-2.4579	-0.95502	0.84919	-0.21455	-1.6613	-0.75241	-0.3622	1.1462	0.55233	-0.58896	0.7586	-0.92646	0.96059	0.38199	-1.2802	-1.296
Adrenorphin	1.0125	-1.4557	-1.19	-1.1737	0.72649	1.2915	-0.078727	0.13773	-0.79097	-0.70619	-0.13719	-0.10806	-1.1912	-0.83983	-0.3934	-0.82355	-0.62873	-3.5134	-0.35607	0.48191	0.84368	-0.24331	1.5752	-0.019081	-1.8904	1.0838	-0.70568	-0.40715	0.58041
Tricyclazole	1.9585	1.1383	-0.36266	-0.42311	7.7193	-0.39459	-0.59274	0.63457	0.94825	0.62246	-0.20406	0.18405	0.30938	-0.52485	-0.47238	0.5963	-0.59512	-0.27554	-0.62587	-0.67514	-0.12005	-0.36592	-0.52015	-0.33714	-0.45519	1.026	1.1012	-0.53778	-0.57209
Chlorophyll_b	1.0163	-0.71148	-0.48711	-1.5697	0.93353	-0.27282	-1.5293	0.077599	0.94816	0.082062	2.0549	1.1525	0.31236	-1.6685	-0.59936	0.40115	-0.22813	-1.4752	0.077097	0.066773	1.9855	0.086443	-1.4039	0.18533	-1.4243	2.782	-0.35301	-0.94899	-0.38661
Araliasaponin_I	0.34744	-0.10265	-0.44112	-1.4391	2.8947	0.56133	-0.52024	0.90525	-0.96523	0.94513	-0.88821	3.2595	-1.0185	-1.8978	-0.61409	1.1693	1.0728	-0.40444	-0.12	-0.22997	1.0819	-0.38914	-1.0416	0.1705	-1.7288	0.06569	0.68174	-1.4867	-0.16217
Glycolate	-1.0323	1.6271	-1.0922	2.078	-0.064422	0.019254	2.0886	-0.16684	-0.37636	-0.39157	-1.2811	0.014341	0.87562	1.9236	-0.31842	-0.61519	-0.26509	0.54456	-0.54466	-0.67326	-0.64836	0.0759	0.87897	-0.9846	1.8318	-1.0308	-0.33332	2.1963	-0.7811
Methyl_propenyl_ketone	-1.2738	3.1326	-0.85855	0.023138	-0.78457	0.20796	-0.43992	-0.33294	0.13144	-0.52222	-1.3076	-0.7492	3.0251	-0.62262	-0.96276	-0.51413	0.0083391	4.6411	-0.71701	-1.1567	0.2912	0.55927	0.93292	-1.2682	0.66793	-0.41617	0.016033	-0.28194	-0.030779
Succinic_aldehyde	1.2517	-0.9787	-0.24301	1.1477	-0.33855	0.18867	0.18867	-1.2007	0.039854	-1.2132	-1.4926	-0.64063	0.79202	0.10421	0.035415	-0.90612	-0.097725	1.1818	-0.19738	-0.17608	-1.1292	0.20435	2.7149	-1.2265	-0.11892	-1.2893	-1.2455	0.38336	0.017308
Phenol	-1.199	0.89954	-1.1243	0.85538	-0.36545	-0.35758	1.3536	-0.83658	-0.66652	-0.87065	-0.99879	-0.3657	-0.18077	0.97499	-0.068081	-0.92327	1.5984	0.17617	-0.14935	-0.22101	-0.81047	-0.064058	1.0202	-0.63103	1.3845	-1.0127	-1.0652	1.32	0.21013
Cyclohexanone	-0.33056	0.94368	0.54635	-0.47243	-1.3775	0.13621	-1.1944	-0.74396	1.0385	-0.6194	-0.11012	-0.60775	2.2215	-1.1789	-0.76599	0.8451	-1.396	4.0398	-1.0192	-0.8905	0.44384	0.84991	0.55645	-0.14347	-0.15922	0.33207	-0.21036	-1.2499	-0.66908
2-Vinylthiophene	-1.0486	2.0108	-0.10194	0.73666	-0.38879	-0.28592	-0.29123	-0.54807	-0.21724	-0.35211	-0.55771	-1.1515	3.6407	0.53214	-0.53165	0.52009	-0.16913	3.3104	-1.5075	-1.0214	-0.48682	0.60778	-0.42982	-0.65949	2.8734	-1.1233	-0.13932	-0.64182	-0.78765
2-Thiophenecarboxaldehyde	-0.51999	0.17058	2.4192	-0.11983	-1.1873	0.74898	-0.94626	-0.99355	1.3091	-0.7918	-0.42086	-0.737	1.2671	-1.0965	-0.86331	1.0888	-1.0458	4.2574	-1.0057	-0.90295	-0.05963	1.4926	1.178	-0.44403	0.31529	-0.095819	-0.48783	-1.2968	-0.80149
Furoic_acid	-0.92757	-0.62546	0.28334	2.7429	-0.56016	3.8713	-0.12049	-0.82753	-0.52103	-0.83589	-0.70038	-0.68736	4.4994	-0.1745	-0.35083	-0.69642	-0.61188	0.14214	-0.27966	-0.29064	-0.90939	0.6365	1.0678	-0.72206	-0.15216	-0.9815	-0.86741	-0.18288	-0.31696
Uracil	-0.81944	-0.53681	-0.097777	-0.74256	-0.51834	-0.24305	1.7417	-0.17565	0.47606	-0.24586	-0.85389	-0.66786	-0.28613	1.675	-0.68245	-0.12103	0.38148	-0.28053	-0.69846	-0.70215	-0.42315	-0.33516	4.1495	-0.59648	-0.82547	-0.3897	-0.40682	1.6872	-0.7062
C6:2	-1.6279	-0.59779	-1.1777	1.4595	-0.46606	-0.26133	1.5922	-0.86129	-0.5208	-0.91178	-1.5333	-0.75206	-0.10374	1.3589	0.24455	-1.0065	1.8197	0.95078	0.19542	0.43373	-0.94656	0.20076	1.926	-0.47003	1.4874	-0.92527	-0.91712	1.5017	0.26202
Dihydrouracil	-0.066301	-0.97676	0.90969	0.34269	0.099599	0.10881	-0.016904	-0.33073	-0.25089	-0.37861	-0.48872	-0.37159	-0.30866	-0.12505	-0.34569	-0.13778	0.56716	-0.6257	-0.3495	-0.12066	-0.84204	-0.42265	-0.27879	0.12115	-0.16753	-0.99364	-0.52065	-0.16327	-0.47382
Itaconate	-1.1222	-0.63615	-0.017407	1.6106	-0.9195	0.029284	-0.017407	-0.63055	0.39531	-0.58827	-0.77617	-0.82606	0.70818	0.0075305	-0.44288	-0.08741	0.75042	2.4282	-0.41062	-0.35237	-0.97999	-0.093846	2.4536	-0.51084	0.12288	-0.85274	-0.51642	0.0075305	-0.38249
"2,3-Dihydro-5-methyl-3-thiophenethiol"	-0.00087568	0.097651	0.58861	0.17097	9.5116	0.054762	-0.21601	-0.35075	0.13441	-0.36186	-0.32332	-0.0014894	0.53011	-0.17412	-0.19927	-0.28067	-0.41217	-0.099235	-0.21166	-0.17483	-0.33758	0.0044934	-0.3576	-0.28841	0.073211	-0.41753	-0.41536	-0.10366	-0.22013
2-Methylerythritol	-0.65281	-0.40145	-0.60577	0.398	-0.2484	-0.1697	0.25725	-0.36855	-0.22097	-0.39763	-0.59936	-0.44525	-0.38157	0.18788	0.040457	-0.5471	0.68258	-0.30396	0.032272	0.1177	-0.44965	-0.12879	0.29126	-0.46282	0.27446	-0.49288	-0.3774	0.26866	0.07522
4-Propylphenol	-0.57047	0.020964	-0.51846	0.20202	-0.44769	-0.30249	-0.032722	-0.21073	-0.29285	-0.17853	-0.54914	-0.30354	-0.073063	-0.083013	-0.20514	-0.43121	0.46135	-0.073063	-0.2194	-0.19203	-0.46638	-0.2446	0.070035	-0.45516	0.074724	-0.23135	-0.14652	-0.036281	-0.20302
Alloxan	0.1838	1.3476	2.0139	0.054201	0.085679	0.1207	-0.36351	-1.9452	0.74526	-1.7835	0.32089	-0.70914	1.7497	-0.79239	-0.81471	0.50339	-0.70836	2.285	-0.89058	-0.91344	-1.4762	1.2614	1.029	-0.12176	0.23756	-1.411	-1.6235	-0.30711	-0.92719
Coumarin	-1.3568	-0.14507	-1.399	1.5333	-0.41822	-0.24641	2.3655	0.29713	0.056805	-0.066692	-1.2683	-0.14311	-0.51244	2.0499	0.4162	-0.60652	1.9778	-0.55341	0.19193	0.23824	-0.57659	-0.51423	0.95823	-1.0577	1.4595	-0.37637	0.4162	2.2885	0.34871
Acetaminophen	-0.48696	1.5581	1.844	1.7169	-0.45568	1.2446	-0.44617	-0.34879	-0.32799	-0.30449	-0.43514	-0.41287	0.5038	-0.41287	-0.46458	-0.46962	-0.47447	-0.35539	-0.4629	-0.43308	-0.3074	0.81076	-0.42539	-0.4791	2.3862	-0.35055	-0.27558	-0.42957	-0.45009
Levetiracetam	-0.84572	-0.31116	-1.0403	0.55092	0.026931	-0.11266	0.37905	-0.04682	-0.9217	-0.036808	-1.1913	-0.78293	-0.28723	0.17622	-0.30396	-0.64303	1.3845	-0.3626	-0.30901	-0.20004	-0.35757	-0.39167	0.0079612	-0.33291	0.029219	-0.70587	-0.017684	0.36561	-0.25432
Glycylproline	0.12643	0.71479	-0.28761	-0.35972	-0.43266	0.36697	-0.43007	-0.33442	0.75988	-0.29225	0.044601	-0.25239	0.00032444	-0.45885	-0.25475	-0.48648	-0.011776	-0.425	-0.31511	-0.19111	-0.56767	1.415	-0.67953	-0.13385	-0.47606	-0.018417	-0.23672	-0.46195	-0.28318
Phenol_sulfate	-0.34521	-0.51105	0.066855	-0.32376	7.181	-0.31519	-0.2893	-0.52857	-0.10222	-0.52412	-0.52412	-0.44672	-0.17734	-0.22349	-0.3032	-0.43023	-0.5257	-0.3523	-0.30939	-0.35076	-0.47332	-0.32524	-0.49652	-0.46775	-0.25769	-0.52796	-0.52642	-0.288	-0.29832
Aconitate	-0.70996	-0.74927	2.9733	1.5318	0.53461	0.67513	-0.2406	-0.81324	-0.42759	-0.79089	-0.59332	-0.66646	0.91325	-0.27058	-0.26222	-0.39128	-0.34868	-0.12458	-0.2406	-0.16806	-0.82152	0.13857	1.1834	-0.67402	0.14466	-0.8687	-0.82479	-0.29045	-0.21989
Shikimate	-0.91205	-0.78359	-0.86768	0.86123	-0.050235	-0.21619	1.7837	-0.46932	-0.74759	-0.5955	-0.84678	-0.52911	-0.5818	1.1726	0.068562	-0.79223	1.1726	-0.30669	0.036834	0.10758	-0.81547	-0.19962	0.60504	-0.5758	0.64259	-0.75007	-0.61561	1.3601	0.078229
Formimino-Glu	-1.7824	-1.3055	-1.7528	0.75797	-0.05671	-0.29618	1.1128	-1.1404	-0.90362	-1.3811	2.0879	-0.92269	-0.63062	1.4097	0.40639	0.85202	3.2154	-0.58825	0.30589	0.46897	-0.92931	-0.44888	1.0036	2.2599	0.48742	-1.1652	-1.2593	1.6932	0.38575
(+/-)-3-[(2-methyl-3-furyl)thio]-2-butanone	-1.3818	0.54384	0.086839	1.9177	-0.46465	0.11335	1.7144	-0.44523	-0.83799	-0.47078	-0.40279	-0.93338	0.09568	1.7888	-0.1046	-0.99805	1.8939	-0.019004	-0.069068	0.067877	-0.64118	0.20623	0.54222	-0.82685	2.8098	-0.71554	-0.55656	1.6824	-0.067413
N-(3-acetamidopropyl)pyrrolidin-2-one	-0.66942	-0.59214	-0.61058	-0.53471	-0.2834	-0.16237	0.13812	-0.52387	-0.67709	-0.53301	-0.72415	-0.69481	-0.35814	0.065793	-0.49732	-0.57664	0.29663	-0.61258	-0.48845	-0.42856	-0.62219	-0.37692	-0.041923	-0.27965	-0.59128	-0.64223	-0.60096	0.11025	-0.48741
p-Cresol_sulfate	-0.69664	-0.41544	-0.14749	-0.83447	-0.12809	-0.06071	-0.19351	1.5612	-0.77449	1.7473	-0.8022	-0.45267	-0.18286	-0.24268	-0.75851	-0.356	-0.44836	0.10915	-0.75906	-0.72999	-0.4635	-0.42112	1.8006	-0.8143	-0.86123	0.20418	1.8857	-0.24069	-0.71126
(Iso)Citrate	-0.50629	-0.31177	-0.43949	3.2751	-0.35323	3.9619	-0.099841	-0.42896	-0.39934	-0.39634	-0.47419	-0.35678	4.9988	-0.14788	-0.44396	-0.42896	-0.33747	0.24485	-0.41187	-0.39634	-0.51457	0.93228	0.71659	-0.46684	-0.28718	-0.52057	-0.42896	-0.099841	-0.38065
N-Nitrosothialdine	-1.0341	-0.89622	-0.93005	1.0585	-0.58644	0.76528	1.0585	-0.69079	-0.88312	-0.8021	-0.9701	-0.85076	0.8068	1.7865	-0.011982	-0.93203	1.2848	-0.45516	-0.049783	0.044231	-0.97635	0.56054	1.0981	-0.50722	0.082395	-1.0477	-0.86715	1.8181	-0.23607
1-Acetyl-2-methylcyclopentene	-0.53259	-0.49458	-0.5293	-0.094377	-0.33243	0.062735	1.3173	-0.46235	-0.47132	-0.49357	-0.51711	-0.46342	-0.1828	1.1039	-0.12203	-0.52656	2.2618	-0.31894	-0.14089	-0.055866	-0.53032	-0.051914	0.81238	-0.43495	-0.038088	-0.54108	-0.51371	1.6117	-0.14165
4-Aminohippuric_acid	-0.82602	-0.7095	-0.81891	0.17865	-0.3206	0.26049	2.1004	-0.49028	-0.70349	-0.56563	-0.75075	-0.60284	-0.3842	1.8077	0.16697	-0.69413	1.9781	-0.34187	0.18165	0.24588	-0.74028	0.17289	1.2427	-0.45183	0.29629	-0.73634	-0.6338	1.953	0.14272
4-Hydroxypropofol	-1.1018	2.9388	-1.0424	-0.030101	-0.43277	-0.4744	0.69097	0.2227	-0.70003	0.12066	-0.99007	-0.044147	0.97145	0.45639	-0.51536	-0.6933	0.99576	0.33096	-0.51487	-0.96325	3.049	-0.47671	0.36136	-0.92178	-0.17332	0.40378	0.50199	0.7254	-0.51413
Lycoperdic_acid	-0.86536	-0.49187	-0.93638	0.72436	-0.16751	0.094301	0.93761	-0.19054	-0.39974	-0.23469	-0.9258	-0.49046	-0.37403	0.79007	-0.30682	-0.58514	0.52124	-0.35152	-0.27678	-0.19723	-0.7787	0.098036	0.75424	-0.56645	0.97393	-0.36583	-0.27985	0.89902	-0.29924
Ethyl_glucuronide	-0.087677	-0.69341	-1.0901	0.63733	0.7441	1.6474	1.399	-0.47245	1.3757	-0.5015	-1.0508	-0.55978	0.44407	1.3572	-0.52704	-0.83055	-0.3817	-0.41729	-0.50669	-0.49308	-0.76155	1.421	0.47136	-0.87812	0.27655	-0.78829	-0.62104	1.1974	-0.56924
2-Bromo-1H-indole-3-carboxaldehyde	-0.28316	-0.046851	-0.13753	-0.38622	0.14823	-0.09808	-0.42531	-0.55702	-0.1135	-0.55926	-0.32779	-0.43989	0.082548	-0.42657	-0.37624	-0.45209	-0.29536	-0.09227	-0.35472	-0.36194	-0.5299	-0.029125	-0.098671	-0.42063	-0.23226	-0.64131	-0.46107	-0.43799	-0.26441
"[6-(2H-chromen-2-ylidene)cyclohexa-2,4-dien-1-ylidene]oxidanium"	-0.27586	-0.4949	-1.5035	0.55993	0.69247	1.5678	1.0538	-0.47047	1.8238	-0.36308	-1.6206	-0.72856	0.39797	1.0339	-0.8749	-1.0788	-0.34659	-0.31796	-0.90652	-0.91429	-0.71342	1.3667	0.087539	-1.1724	0.23095	-0.14926	-0.5191	1.1528	-0.98081
Prolylhydroxyproline	-0.50058	-0.64276	-0.54963	-0.44932	0.084765	0.071849	0.65136	-0.39452	-0.49585	-0.41117	-0.42541	-0.62939	-0.15239	0.61963	-0.34413	-0.35042	0.55248	-0.54164	-0.39907	-0.32017	-0.69268	-0.063612	0.42698	0.12384	-0.58674	-0.66013	-0.50314	0.69532	-0.37002
Asparaginyl-Proline	-1.4245	-0.56987	0.47458	0.04382	-0.52566	0.70497	0.90192	0.65897	-0.61108	0.54956	-1.561	-0.13874	-0.15613	0.96039	0.026167	-1.1995	0.66366	-0.59855	0.054039	0.054039	-0.74193	-0.36649	-0.0045479	-0.24327	-0.10231	-0.40298	0.39615	0.99076	0.017043
1-Isopropyl_citrate	-0.98872	-0.75171	-0.95119	1.1573	0.66887	-0.27119	2.2385	-0.46665	-0.79378	-0.55879	-0.9436	0.20697	-0.51525	1.9247	-0.42779	-0.67401	0.57723	0.088732	-0.44336	-0.40107	-0.87695	-0.27119	1.2057	-0.43784	0.92522	-0.82411	-0.70931	1.9247	-0.46566
6-Succinoaminopurine	-0.92826	-0.18024	-0.97112	1.6707	0.81036	-0.27043	2.5848	-0.41945	-0.76587	-0.45259	-0.92535	-0.45653	-0.52275	2.0323	-0.66665	-0.68078	1.2878	0.58142	-0.65059	-0.39969	-0.67564	-0.14839	1.7998	-0.27687	1.7057	-0.59123	-0.47614	2.2113	-0.67672
Benzoylmalic_acid	-1.6952	-0.47204	-1.6844	-0.11389	-0.065856	-0.54523	0.90942	-0.16765	-0.73227	-0.074317	-1.4172	-0.4451	-0.50718	0.61098	-0.38114	-1.2091	-0.26117	0.3552	-0.35972	-0.36585	-0.78841	-0.082061	1.0343	-1.2432	0.026086	-0.51561	-0.13226	0.6486	-0.33268
Acetaminophen_cystein	-0.83924	-0.82264	-1.4764	0.76693	0.25874	0.39959	2.0936	0.81556	-0.89627	0.90063	-1.0636	0.7468	-0.11699	1.9743	-0.20959	-0.9867	-0.1409	-0.093286	-0.26151	-0.3077	-0.87523	-0.058203	1.0273	-0.83426	0.68819	-0.05461	0.67001	2.3274	1.0651
"1-(9H-Pyrido[3,4-b]indol-1-yl)-1,4-butanediol"	-0.08051	-0.79701	-0.90787	-0.60811	-0.33278	0.030405	0.19662	-0.083671	-0.77647	-0.042146	-0.55951	-0.61496	-0.18674	0.19965	-0.11519	-0.19803	0.31997	0.041108	-0.23033	-0.14194	-0.37106	-0.31186	0.7482	0.61066	-0.52494	-0.49134	-0.076622	0.089384	-0.20302
Lenalidomide	-1.4455	0.18569	-0.75324	-0.082239	0.047661	0.17118	0.8231	-0.074412	-0.81104	-0.046824	-1.2554	-0.39971	-0.19555	0.89101	-0.72517	0.084484	1.4803	-0.73137	-0.70936	-0.55697	-0.86297	-0.0034149	1.7927	0.046392	0.0042162	-0.48422	-0.2017	0.88037	-0.66116
3-Hydroxy-4-butanolide	-0.9622	-0.030011	-1.2553	1.1431	0.82982	0.17094	2.5652	0.83629	-0.44849	0.65913	-1.3631	0.45017	-0.40619	2.3848	-0.30306	-0.44563	0.52619	-0.20443	-0.23221	-0.23549	-0.7729	-0.11871	1.0413	-0.86792	1.1172	-0.32235	0.44604	2.6421	-0.33153
Isoniazid_alpha-ketoglutaric_acid	-0.77456	0.18499	-0.97252	3.6355	0.86323	0.16516	2.1292	-0.50666	-0.59304	-0.59772	-0.91611	-0.6376	-0.19224	1.896	0.16425	-0.68675	2.3746	-0.26633	0.15699	0.15402	-0.57928	0.12866	0.1707	-0.21822	4.2657	-0.76973	-0.62254	2.335	0.23373
3-(Cystein-S-yl)acetaminophen	-0.49904	-0.28733	5.0289	1.162	-0.18184	0.17661	-0.27631	-0.16916	-0.52925	-0.12577	-0.48438	-0.31234	-0.068957	-0.31418	-0.43204	-0.45752	-0.47885	-0.36627	-0.46279	-0.48072	-0.11261	-0.0027712	-0.5011	-0.48744	1.0776	-0.36784	-0.18617	-0.29002	-0.47988
[(7-hydroxy-1-oxo-1H-isochromen-3-yl)methoxy]sulfonic_acid	-0.86256	-0.78056	-0.62062	-0.22641	-0.1261	1.3238	0.4483	-0.76624	-0.78865	-0.84408	-0.83937	-0.81538	0.29039	-0.13879	-0.25017	-0.7932	0.42416	-0.072819	-0.35434	-0.20626	-0.7941	1.3497	1.6098	-0.74585	-0.68233	-0.88347	-0.83385	0.35128	-0.0079507
Fukiic_acid	-1.1498	0.46582	4.4232	0.45489	-0.24793	-0.17768	0.15669	-0.20295	0.54459	-0.18005	-0.34794	0.12383	0.16637	0.058956	-0.44848	-0.29686	-0.33884	0.11061	-0.46272	-0.399	-0.76461	-0.12462	0.19342	-0.82671	1.1782	-0.50743	-0.15929	0.051421	-0.41571
modafinil_acid	-0.76414	0.28597	-1.601	0.11676	-0.5689	-0.031919	1.1886	1.1681	-0.8265	1.2544	-1.5751	0.27335	-0.18878	1.2152	-0.36135	-1.4319	0.10836	0.44643	-0.36306	-0.35948	-0.80071	-0.13488	2.0045	-0.90023	0.68161	-0.66153	1.4594	1.3009	-0.29853
{[1-(4-methoxyphenyl)pentan-3-yl]oxy}sulfonic_acid	-0.56521	-0.21814	-1.0009	0.32708	-0.027058	-0.37042	0.83875	0.76397	0.052471	0.81931	-1.1146	0.12732	-0.36677	0.79445	-0.10353	-0.7076	-0.11004	-0.21261	-0.23512	-0.20283	-0.58099	-0.24603	0.52805	-0.49774	0.22806	-0.1023	0.7421	0.58849	-0.23783
"5-(4-Acetoxy-1-butynyl)-2,2''-bithiophene"	-0.66812	-0.66093	-0.6877	-0.50199	-0.23651	0.54395	1.4922	-0.64753	-0.65182	-0.66697	-0.68102	-0.53844	0.34174	1.3217	-0.41227	-0.65787	1.3717	0.16729	-0.44133	-0.43866	-0.70624	0.24443	1.1249	-0.51461	0.012169	-0.70802	-0.68033	1.6055	-0.33129
"3,4,5-trihydroxy-6-[(3-methylbut-2-enoyl)oxy]oxane-2-carboxylic_acid"	-0.66268	1.3508	-1.6731	0.35205	0.27616	0.64853	2.3007	2.0423	-1.0512	2.0172	-1.6994	-0.24304	0.30084	2.1219	-0.16912	-1.6376	0.31389	-0.013099	-0.26249	-0.29182	-0.52519	0.15488	0.62306	-1.1319	0.59483	-0.21483	2.0059	2.2558	-0.22143
Triethyl_citrate	-1.2778	-0.83983	-1.3043	1.2826	0.00253	-0.38566	2.3991	-0.023507	-1.1325	-0.11447	-1.1838	-0.30543	-0.53698	2.0986	-0.34689	-0.97552	1.29	0.086677	-0.32692	-0.21021	-0.97781	-0.48712	0.18064	-0.043909	1.842	-0.70459	-0.27751	2.1934	-0.35877
2-hydroxy-3-[4-hydroxy-3-(sulfooxy)phenyl]propanoic_acid	-0.69782	-0.46253	-0.03066	0.36489	2.5134	0.47789	-0.26803	-0.95002	-0.16462	-0.91737	-0.44711	-0.21694	1.6067	-0.27533	-0.39635	-0.49464	-0.20201	0.421	-0.39553	-0.36658	-0.82522	0.73458	1.2486	-0.71399	0.11453	-0.98224	-0.91579	-0.29207	-0.30764
Dehydroxymethylflazine	-0.37722	0.3909	-0.61292	0.095264	-0.086704	-0.18319	0.24584	0.54204	0.071893	0.50366	-0.5561	-0.071459	-0.14977	0.18987	-0.15061	-0.50306	-0.19346	-0.1844	-0.093128	-0.16399	-0.27562	-0.076778	0.16561	-0.37547	0.29081	-0.38905	0.52794	0.23206	-0.20539
1-Methoxyspirobrassinin	0.64916	-0.5831	-0.43956	2.714	0.079014	2.7825	-0.074994	-0.61034	1.8857	-0.6047	-0.73607	-0.4262	3.0627	-0.013307	-0.42439	-0.47404	-0.55545	-0.33995	-0.44219	-0.1984	-0.68207	3.7837	0.044222	-0.57345	1.6056	-0.63595	-0.62441	-0.044123	-0.40255
"6-(1-carboxy-1-methylethoxy)-3,4,5-trihydroxyoxane-2-carboxylic_acid"	-0.68832	0.32945	3.4549	0.79423	0.55925	-0.5158	1.2809	0.29307	0.94925	0.15947	-1.8812	-0.15323	-0.98081	0.97947	-0.78853	-1.0339	0.17386	-0.61529	-0.82126	-0.87148	-0.55327	-0.772	0.49942	-1.3246	1.3455	-0.46495	-0.0027395	0.7798	-0.82222
Phlorin	-0.92525	1.6231	-1.0554	-0.096091	0.37046	-0.16044	3.5588	0.97624	-0.87852	0.89042	-1.2633	-0.072994	0.29118	2.9153	-0.45957	-1.0221	-0.52209	-0.11582	-0.52323	-0.68902	0.57734	-0.25339	-0.5414	-0.61372	0.40502	-0.091275	1.0155	3.1058	-0.46353
Chlorosesamone	-0.29025	-0.28843	7.3694	0.89359	-0.2721	0.31112	-0.26934	-0.27551	-0.2484	-0.17774	-0.29425	-0.20192	-0.097583	-0.10052	-0.27241	-0.30268	-0.28664	-0.17496	-0.27282	-0.24456	-0.22182	0.15255	-0.21046	-0.30284	1.4892	-0.1808	-0.27635	-0.10668	-0.27116
Wasalexin_A	-0.60792	-0.26847	3.5572	0.46141	-0.26504	0.072703	-0.36601	-0.55335	0.83048	-0.42639	-0.39561	-0.31325	-0.097736	-0.16651	-0.45153	-0.44711	-0.50231	-0.29616	-0.5322	-0.032101	-0.78811	0.18394	0.0046778	-0.61418	0.20657	-0.0049562	-0.49853	-0.4215	-0.48797
{[(3E)-4-(1-oxo-1H-isochromen-3-yl)but-3-en-2-yl]oxy}sulfonic_acid	-1.3025	-0.94761	-1.4172	1.5645	0.31201	0.39269	1.5743	-0.3713	-1.0248	-0.56621	-1.2435	-0.90582	-0.54326	1.4579	-0.046555	-0.5132	0.36829	-0.13055	-0.20799	-0.094748	-1.3679	1.0403	1.7665	-0.43894	1.8743	-1.1521	-0.78027	1.5898	-0.11811
"6-(3-ethenylphenoxy)-3,4,5-trihydroxyoxane-2-carboxylic_acid"	-1.1826	-0.88753	-1.433	0.13792	-0.37398	-0.41062	0.86203	1.3525	-1.0831	1.271	-1.3342	0.012271	-0.46631	0.69737	-0.13912	-1.2198	-0.23861	-0.26784	-0.23053	-0.41062	-0.97765	-0.49466	0.11279	-0.88373	0.38136	-0.1793	1.5812	0.90187	-0.13767
Dimethyl_fukiic_acid	-2.1496	-0.39756	-0.90415	0.69929	-0.39552	-0.42711	0.71684	0.62042	-1.1693	0.38549	-2.2148	0.045263	-0.54524	0.42459	0.36049	-1.3539	-0.10708	-0.00021361	0.32045	0.068238	-1.5111	-0.41109	1.4071	-1.1611	1.8258	-0.74777	0.9052	0.87257	0.30594
"5-(3'',4'',5''-Trihydroxyphenyl)-gamma-valerolactone-3''-O-sulphate"	-0.32351	-0.62971	-0.16944	0.12762	0.45198	0.39471	0.053479	-0.66613	-0.17272	-0.68295	-0.70987	-0.6154	-0.2279	0.051876	-0.20683	-0.36326	-0.23206	-0.20426	-0.25418	-0.087258	-0.77167	0.37732	0.49444	-0.57685	-0.1404	-0.76846	-0.67535	0.10871	-0.12762
{3-[(2E)-3-phenylprop-2-enoyl]phenyl}oxidanesulfonic_acid	-0.3171	0.4733	3.2706	0.63318	2.2262	-0.26238	0.3025	-0.80669	0.73902	-0.8418	-1.7288	-0.38397	-0.29771	0.075106	-0.34173	-1.0739	-0.55925	-0.40581	-0.45023	1.2435	-1.3814	-0.31917	0.58917	-1.0909	0.65851	-1.4661	-0.78272	0.30944	-0.49957
N-Acetylaspartylglutamic_acid	-1.8175	-0.81935	0.39526	1.0584	0.65654	-0.31694	1.1128	1.9515	-0.91791	2.2079	-0.95954	1.2916	-0.66092	1.2057	-0.50895	-0.6071	0.49815	-0.25629	-0.44336	-0.55116	-0.69534	-0.27729	0.63587	0.056948	1.0215	-0.21744	1.884	1.2434	-0.55247
Mono-trans-p-coumaroylmesotartaric_acid	-1.8152	-0.82539	-1.6396	0.38163	0.10582	-0.18157	1.6266	0.30036	-0.82055	0.30271	-2.2091	0.17237	-0.4266	1.3989	-0.1555	-1.2932	0.08932	0.73927	-0.3647	-0.14865	-1.4284	-0.12555	0.46492	-1.0159	1.0932	-0.39543	0.47761	1.3647	-0.22453
{[(3E)-4-(5-hydroxy-1-oxo-1H-isochromen-3-yl)but-3-en-2-yl]oxy}sulfonic_acid	-1.1373	-0.88847	-0.98045	0.18747	0.29164	0.20818	1.1934	-0.59561	-0.9598	-0.60404	-1.1841	-0.82216	-0.46417	1.044	-0.33582	-1.1194	0.53502	-0.29293	-0.29815	-0.34248	-1.0883	0.81139	2.0982	-0.811	0.21168	-0.91731	-0.81441	1.2455	-0.31869
Valaciclovir	-1.1024	1.2463	-0.8604	0.061792	1.5592	0.29367	3.8378	0.23631	-0.62474	0.15918	-1.0959	-0.22837	0.43637	2.4772	-0.82086	-0.73122	0.51157	-0.56983	-0.94506	-1.0653	0.21481	-0.062931	-0.93272	-0.7185	-0.46762	0.037331	0.28288	3.6002	-0.77775
Dihyroxy-1H-indole_glucuronide_I	-1.8692	0.63557	-1.7997	0.92102	0.55972	0.3656	1.6598	0.84623	-1.0529	0.77941	-2.227	-0.074651	-0.41867	1.7289	0.38501	-1.1695	0.47988	0.38653	1.0018	-0.8675	-1.04	-0.39496	-0.32919	-0.62984	0.73167	-0.44223	1.6978	1.9464	0.99476
trans-o-Coumaric_acid_2-glucoside	-1.3986	-0.60057	-1.5112	0.26018	0.02226	-0.14817	2.7634	1.5878	-1.1761	1.5335	-1.5185	0.491	-0.3659	1.804	-0.028675	-1.0744	-0.15244	-0.21315	-0.1206	-0.39812	-0.72454	-0.30248	0.10068	-0.94815	0.78759	-0.074954	1.86	2.045	0.019774
Humilixanthin	-0.87106	-0.50199	-0.54292	0.27151	0.52492	0.62616	3.9295	0.67765	-0.39497	0.56212	-1.0011	-0.14405	-0.12938	3.375	-0.4192	-0.37	0.021518	-0.5013	-0.47914	-0.507	-0.52925	0.51009	-0.18774	-0.66336	0.35644	-0.39497	0.35183	3.2158	-0.40908
Acetaminophen_glucuronide	-0.46303	1.0794	-0.4368	7.7416	-0.29402	1.3018	-0.2518	-0.27132	-0.41873	-0.25309	-0.4498	-0.3315	0.29897	-0.26615	-0.34367	-0.38834	-0.34303	-0.27416	-0.34228	-0.31685	-0.37626	0.37132	-0.30504	-0.37957	2.9676	-0.35306	-0.19427	-0.2613	-0.32956
Menadiol_disulfate	-0.96771	-0.31022	5.0437	2.6229	-0.13958	3.3501	-0.050688	-0.94793	-0.47506	-0.95499	0.41567	-0.46209	0.15617	0.21211	-0.2781	0.14018	-0.74235	0.45762	-0.30463	-0.08049	-0.67491	0.3708	0.70322	-0.55564	1.5953	-1.0393	-0.95007	-0.25542	-0.36764
Docosadienoate_(22:2n6)	-0.50004	0.39872	-0.95457	-0.47557	-0.46647	-0.62858	1.2166	-0.21604	-0.81745	-0.27415	-0.52417	0.15856	0.30819	1.1282	0.66172	-0.8953	2.9751	1.1467	1.1652	0.27703	-0.88439	-0.36173	-0.021707	2.9937	-0.37281	-1.0273	-0.26426	1.3727	1.2271
Maltitol	-0.20581	-0.17828	6.9442	0.038989	-0.044306	-0.11893	-0.16778	-0.14816	-0.19663	0.002271	-0.18911	-0.17308	-0.15648	-0.16325	-0.18441	-0.20106	-0.18901	-0.17661	-0.18616	-0.18343	-0.16813	-0.12798	-0.16325	-0.19498	-0.084715	-0.18074	-0.16718	-0.17405	-0.18708
2-hydroxy-3-[3-(4-hydroxy-3-methylbut-2-en-1-yl)-4-(sulfooxy)phenyl]propano...	-0.51882	-0.33636	-0.2549	-0.12433	-0.12793	-0.21465	0.3481	-0.12038	-0.20527	-0.065373	-0.37636	0.22258	-0.23708	0.28884	-0.26361	-0.34415	-0.21856	0.36154	-0.24614	-0.23544	-0.44379	-0.1628	-0.077865	-0.43024	-0.052257	-0.20721	-0.14679	0.31986	-0.18376
N1-(2-Hydroxyethyl)flurazepam	-0.58509	-0.33954	-0.23397	-0.19853	-0.333	0.014656	4.0284	-0.33186	-0.38983	-0.38689	-0.66644	-0.47474	-0.34669	3.7004	-0.35316	-0.013601	0.017923	-0.44515	-0.37509	-0.36058	-0.59211	0.000077416	-0.11435	-0.52136	0.000077416	-0.35127	-0.45694	3.8357	-0.37779
Idoxuridine	-1.1449	-1.0051	-0.40924	0.77277	-0.45974	-0.33347	-0.15898	-1.0634	-0.43213	-1.1657	-0.33553	-0.71983	-0.28393	0.0055736	-0.045533	-0.19715	0.45623	-0.56394	-0.048512	0.19934	-0.76294	0.15412	0.77819	-0.2502	-0.083959	-1.1927	-1.177	0.0050202	-0.15257
"[3-(3,5,7-trihydroxy-4-oxo-3,4-dihydro-2H-1-benzopyran-2-yl)phenyl]oxidanes..."	-0.53169	-1.0825	-0.05439	0.6483	-0.42412	-0.25221	0.60331	-0.88707	2.3795	-0.88679	-0.78901	-0.48891	-0.68963	0.54618	1.023	1.3845	0.11894	-0.066638	1.3558	1.708	-1.2011	0.24134	-0.23079	-0.43398	0.54143	-1.152	-1.0346	0.63751	1.3585
"{[3,4,5-trihydroxy-6-(2,4,6-trihydroxyphenyl)oxan-2-yl]methoxy}sulfonic_acid"	-0.85589	-0.79686	0.37116	4.639	0.37731	0.23666	1.9095	-0.7494	-0.29084	-0.72792	-1.1816	-0.65279	-0.65481	1.5773	0.55373	-0.33793	1.2601	-0.54385	0.37731	1.0296	-0.9692	0.27078	0.010333	-0.49874	2.2833	-0.93852	-0.81344	1.505	0.3021
3-O-Feruloylquinic_acid	-0.74279	-0.73847	-0.71157	1.7518	0.10266	-0.092717	2.6945	-0.43213	-0.69981	-0.59841	-0.70152	-0.73299	-0.52824	2.1459	0.088227	-0.72209	1.0475	-0.43441	0.10266	0.33727	-0.74155	-0.0076587	0.1194	-0.47492	2.1459	-0.74549	-0.68392	2.6945	0.088227
Octadecyl_fumarate	-0.69925	-0.26904	-0.78216	2.0133	-0.16989	-0.12062	2.3636	-0.54564	-0.8178	-0.72524	-0.7109	-0.71982	-0.3144	2.187	-0.14572	-0.73221	1.5891	-0.37355	0.030564	-0.15811	-0.6884	-0.2576	-0.071057	-0.56033	1.9067	-0.87303	-0.70777	2.3528	-0.024447
"(E)-26,27-Dinorergosta-4,22-dien-3-one"	-0.49101	-0.25909	-0.43194	0.6729	-0.14067	-0.14455	0.91902	-0.36922	-0.55234	-0.48855	-0.48648	-0.56431	-0.25138	0.76652	-0.17453	-0.55962	0.68122	-0.24393	-0.13327	-0.16413	-0.49183	-0.20569	-0.097515	-0.397	0.80289	-0.5567	-0.47044	0.92701	-0.14838
3-hydroxytridecanoyl_carnitine	-0.35404	0.70889	0.12301	-0.83397	0.1251	3.3388	-0.70612	0.77787	-0.76054	0.6752	-0.38908	0.34445	2.1932	-0.73378	-0.086594	-0.075704	-0.57108	0.93621	0.31694	-0.38603	6.2749	0.47783	-0.96973	0.39131	-0.57437	-0.24947	1.0034	-0.73858	-0.44137
1-O-Sinapoylglucose	-0.7657	-0.44655	7.1723	0.32838	0.042071	-0.282	0.76102	0.067273	-0.42671	0.10634	-0.71852	-0.28123	-0.47409	0.64125	-0.28274	-0.57532	-0.29729	-0.50006	-0.28675	-0.22263	-0.3768	-0.25279	-0.25433	-0.58398	0.35701	-0.38884	0.061132	0.79882	-0.28878
C26:0	-0.086574	1.8194	-1.0226	-0.16247	-0.27847	-0.4656	-0.74408	0.8125	-1.0766	1.0353	0.49972	-0.88439	1.6682	-0.64107	-0.34072	-0.96999	-0.06752	-0.064304	-0.63383	-0.52056	-0.76864	-0.45043	1.1723	1.9796	-0.20803	-1.2748	2.7914	-0.66139	0.42281
MG(a-21:0/0:0/0:0)[rac]	0.19054	3.589	-0.50677	-0.8909	0.67132	0.027278	-0.59954	0.92305	0.070876	0.9593	-0.52109	-0.11199	4.0522	-0.073595	-1.3525	-0.66497	-0.4954	2.2292	-0.94311	-1.1984	-1.274	0.35479	0.28533	-0.4596	0.41061	-1.6892	2.376	-0.30041	-0.23602
"7,11,12-Triacetoxycoumestan"	-0.61913	-1.431	0.67277	0.26012	0.80835	2.5965	2.2869	0.30562	-0.43251	0.20791	-0.074418	0.42679	0.64433	2.1318	-0.24191	-0.10767	-0.43331	-1.3284	-0.075639	-0.2046	-1.3086	1.9239	0.60238	-0.091708	0.43986	-0.032467	0.2241	2.3275	-0.36019
"{[3,4-dihydroxy-5-(hydroxymethyl)-2-{[3,4,5-trihydroxy-6-(hydroxymethyl)oxa..."	-0.47175	-0.6616	-0.23337	1.1678	0.84577	0.56479	3.2817	-0.40054	1.1619	-0.43459	-0.64625	-0.6507	-0.30698	2.8671	-0.31622	-0.40621	1.5426	-0.60316	-0.34888	-0.25008	-0.66524	0.49017	3.8479	-0.23337	1.2646	-0.607	-0.59093	3.2327	-0.32506
MG(0:0/24:1(15Z)/0:0)	0.032748	4.0791	1.1321	-0.0019459	2.1978	-0.4063	-0.7466	0.32032	-1.4017	0.29782	1.6094	-0.80018	2.8785	0.59011	-0.66456	-0.18188	-0.075935	1.6458	-1.4457	-0.72821	-1.5723	-0.17277	-0.74261	-1.28	-0.83458	-0.019943	0.47321	0.55894	-0.6899
3-cis-Hydroxyglipizide	0.28881	-0.56103	2.4033	-0.13956	0.42364	0.25821	1.3965	0.19731	-0.85476	0.11654	-1.2015	-0.37647	-0.46853	1.4697	-0.20837	-0.95192	0.37126	-0.87277	-0.18922	-0.15411	-0.82977	0.080801	0.58982	-0.54442	0.00079606	-0.44443	0.057715	1.2852	-0.30005
Oxazepam_glucuronide	-0.72195	-0.7275	-0.66565	-0.17791	-0.54286	1.2485	-0.17201	-0.089383	-0.66014	-0.2191	-0.77918	-0.66854	0.034938	0.034318	-0.51965	-0.70984	1.517	0.29995	-0.4977	-0.4462	-0.73863	-0.58887	0.75082	-0.54054	-0.43025	-0.73409	-0.54509	0.17024	-0.44791
Eremopetasitenin_B2	-0.65858	-0.51281	6.5392	-0.13863	0.12812	-0.33599	0.76275	0.022741	-0.88667	0.019091	-0.93302	-0.18992	-0.68008	0.51125	-0.14362	-0.62945	-0.14488	-0.721	-0.15081	-0.086594	-0.50984	-0.1137	0.26979	-0.64432	-0.029982	-0.32504	-0.094287	0.64145	-0.21969
Biotripyrrin-a	0.040635	-0.91588	6.3208	-0.30532	0.0095355	0.04165	0.28071	-0.47988	-0.83485	-0.35806	0.44021	-0.47847	-0.57555	0.2431	-0.22825	-0.75833	0.52123	-0.95866	-0.25422	-0.035333	-0.59977	-0.15812	0.38863	0.64805	-0.071164	-0.69522	-0.58226	0.26738	-0.30597
Melledonal_B	0.32743	-1.1123	-1.1778	-0.37625	-0.53926	0.59182	0.29038	-0.43033	0.60893	-0.61615	-1.009	-0.89729	-0.66597	0.43517	-0.13925	-0.94213	1.9628	-0.49759	-0.04677	-0.10516	-1.0129	0.70473	0.68456	0.2143	-0.094631	-1.0704	-0.37995	0.37038	-0.22834
"erythro-8,10-Hentriacontanediol"	0.73184	-0.19709	-0.33119	-0.33164	-0.35318	0.080627	-0.27913	-0.34912	-0.29885	-0.36825	-0.27251	-0.37593	0.0027737	-0.26424	-0.21154	-0.30402	1.2143	-0.46259	-0.18454	-0.15419	-0.36676	-0.072569	0.070202	0.047111	-0.3371	-0.28691	-0.38045	-0.24679	-0.21115
D-Galactopyranosyl-(1->3)-D-galactopyranosyl-(1->3)-L-arabinose	-0.85503	-0.41856	-0.7244	0.96062	0.73943	-0.0092435	2.4201	-0.38095	-0.68035	-0.48413	-0.9129	-0.62289	-0.55043	2.05	-0.33165	-0.79664	1.3127	-0.595	-0.39194	-0.30514	-0.82778	-0.2101	0.61026	-0.49442	0.7613	-0.73509	-0.57281	2.3186	-0.40403
Temocapril	-1.3358	-0.18879	4.5022	-0.053644	-0.3096	-0.4294	1.2447	-0.37311	-0.80228	-0.43489	-1.393	-0.47825	-1.0564	0.86135	-0.23538	-1.1017	-0.30017	-1.1606	-0.034668	-0.1238	-1.1212	-0.4815	-0.045493	-0.90088	0.38423	-0.73125	-0.45606	0.8041	-0.30321
"4-(6-carboxy-2,3,4-trihydroxyphenoxy)-4'',5,5'',6,6''-pentahydroxy-[1,1''-b..."	-0.37896	-0.97359	4.1552	0.25334	-0.19969	0.22827	0.72871	-0.63083	-0.022468	-0.69642	-0.51525	-0.51831	-0.77801	0.62854	-0.23968	-0.35264	-0.46792	-0.63227	-0.34466	-0.044984	-0.62511	0.20612	1.2393	-0.45483	0.17507	-0.79988	-0.64475	0.72231	-0.30495
Chatenaytrienin_1	0.12105	0.49727	-0.034748	-0.65981	-0.61906	-0.52985	0.52937	-0.62222	-0.51003	-0.80376	1.1477	-0.40886	0.55387	0.77155	-0.49851	-0.1862	1.3994	-1.0876	-0.53399	-0.1497	-0.42374	-0.21444	0.64298	-0.27618	-0.28613	-1.3968	-0.96543	0.5726	-0.42227
Piperacillin	-0.29041	-0.28258	-0.19127	-0.19379	-0.18926	-0.22513	-0.032697	-0.25158	-0.28194	-0.25218	-0.18714	-0.26494	-0.2739	-0.051596	-0.21134	-0.27806	-0.1792	-0.28021	-0.20889	-0.19522	-0.28013	-0.23789	-0.21846	-0.27162	-0.18569	-0.27628	-0.25675	-0.039416	-0.21294
Cortolone-3-glucuronide	-0.34294	-0.61519	-0.77712	0.32962	0.050144	0.63834	2.8408	-0.33997	-0.45926	-0.40011	-0.23053	-0.27348	-0.1742	2.4584	-0.39935	-0.33695	1.5977	-0.44449	-0.40773	-0.32615	-0.52022	0.57374	0.51134	0.30575	0.22851	-0.64081	-0.53629	2.7415	-0.43302
"Methyl_3,4-dicaffeoylquinate"	-0.84594	-1.2384	0.47937	1.6096	-0.35845	1.4956	1.8546	-0.75825	-0.52246	-0.93031	-1.2948	-0.93995	-0.78843	1.6838	0.083376	-1.1293	0.61727	-1.1198	0.15296	0.16923	-1.1654	0.84499	-0.069577	-0.61876	1.6963	-1.1233	-0.8778	1.8673	-0.012225
"4-{[4-(Diethylamino)phenyl](2,4-disulfophenyl)methylene}-N,N-diethyl-2,5-cy..."	-1.2728	-1.057	-0.24081	0.4151	0.62575	0.037153	1.7047	0.1077	-0.6507	-0.3886	-1.5306	-0.38615	-0.96374	1.5412	0.72934	-1.3292	0.39485	-1.3361	0.67896	0.74169	-0.95501	-0.20697	0.62806	-0.96467	0.83769	-0.71742	-0.18621	1.5909	0.41734
5''''-(4-Hydroxy-(E)-cinnamoyl)_alpha-L-arabinofuranosyl-(1->3)-beta-D-xylo...	-0.95617	-0.77816	-0.4924	0.067159	-0.015828	0.99807	1.9918	-0.49294	-0.84144	-0.46549	-0.93185	-0.65506	-0.52175	1.808	-0.39797	-0.9163	1.5757	-0.86324	-0.41264	-0.31085	-0.80204	1.1009	0.20509	-0.77513	0.45098	-0.77569	-0.49061	1.9628	-0.45453
Phloretin_xylosyl-galactoside	-0.56929	-0.6409	-0.16321	0.22678	0.21531	-0.11517	0.91905	-0.18342	0.80949	-0.18689	-0.52453	0.012981	-0.61091	0.72467	-0.13782	-0.18435	-0.039543	-0.73406	-0.13097	-0.10452	-0.41457	-0.13417	-0.024604	-0.5522	0.10623	-0.4716	-0.21937	0.91713	-0.18876
<i>para</i>-hydroxyatorvastatin	-0.24062	-0.43408	-0.42574	-0.36043	-0.29386	-0.21628	-0.3174	-0.33761	-0.31267	-0.34087	2.9434	-0.34677	-0.41988	-0.32915	-0.33732	-0.4657	-0.26758	-0.43957	-0.36387	-0.34141	-0.20865	-0.18603	-0.11493	-0.28672	-0.36724	-0.39	-0.35782	-0.32163	-0.40101
Mulberrofuran_Q	-1.042	-0.94042	0.74498	1.0735	0.39892	0.15455	2.6023	-0.15117	-0.92098	-0.27253	-0.87893	-0.29436	-1.0273	2.1819	0.1142	-0.53217	0.47227	-0.96922	0.23769	0.059199	-0.81816	-0.029066	0.62542	-0.88354	1.0948	-0.4744	-0.38868	2.4562	0.048277
Ferrocytochrome	-0.85617	-1.1579	0.70176	0.38019	0.82596	0.30486	2.0341	-0.47876	-0.80088	-0.6409	-1.3499	-0.80933	-0.85134	1.5456	-0.35967	-1.1481	-0.38152	-1.1587	-0.31695	-0.25962	-1.0913	-0.065753	-0.34727	-1.0801	0.55555	-0.93641	-0.69337	1.6349	-0.4792
Castacrenin_A	-0.42123	-1.2396	5.2624	0.015024	-0.31305	-0.21565	-0.2553	-0.43008	0.30053	-0.41334	-0.78435	-0.25148	-1.2553	0.042095	0.43925	-0.77095	-0.63285	-0.9995	0.50299	0.52061	-0.31981	0.044771	0.089111	-0.50608	0.25673	-0.60596	-0.20906	0.0051821	-0.056141
Sucrose_monostearate	1.7614	-0.54502	-1.0768	-0.2889	-0.23686	-0.085893	0.25089	-0.29488	-1.1753	-0.32905	1.5173	-0.96232	-0.44279	0.46681	-0.021551	-0.59097	0.88447	-0.0083332	-0.37542	-0.34207	-0.40919	-0.6733	0.48652	0.36804	-0.82158	-0.92663	-0.74321	0.39155	-0.37291
3''-Sialyllactose	-0.35272	-0.72391	-0.66359	1.9701	0.478	0.98609	1.1037	-0.38424	1.5211	-0.38609	1.4114	-0.66899	-0.29577	0.91943	-0.35578	-0.71361	2.2102	-0.58222	-0.39773	-0.23327	-0.69826	0.43645	6.8074	-0.42999	0.89222	-0.66554	-0.53336	1.1958	-0.37906
Myricanol_5-laminaribioside	-1.3007	-0.78497	-1.5679	0.96339	1.1056	1.1646	1.5263	0.54447	-1.1649	0.51337	-0.049292	-0.012104	-0.77141	1.2525	-0.37366	-1.2109	0.71043	-1.2158	-0.2278	-0.23472	-0.17062	0.26954	-0.38373	-0.57575	1.2541	-0.18953	0.38848	1.4629	-0.50429
DG(i-20:0/a-25:0/0:0)	-0.80244	-0.3427	-0.55818	0.065453	0.12081	-0.078461	1.0763	-0.53791	-0.26441	-0.46204	-0.86562	-0.43757	-0.40937	0.84044	-0.36987	-0.35973	-0.33177	0.0030687	-0.53102	-0.4503	-0.53623	-0.24966	-0.21724	-0.55547	0.2894	-0.48622	-0.21724	0.45962	-0.26703
CE(15M5)	-0.50434	-0.68522	-0.28698	0.31524	-0.55063	0.018156	0.45317	-0.23306	0.84957	-0.50985	-1.0864	-0.27366	-0.27893	0.51915	0.19108	-0.3035	-0.71822	0.099838	-0.42718	-0.12897	-0.37583	-0.19272	-0.5017	-0.42643	-0.15716	0.0059477	-0.25735	0.45895	-0.16524
"5,13-bis(3-hydroxyphenyl)-18-[3,5,7-trihydroxy-2-(3-hydroxyphenyl)-3,4-dihy..."	-0.68031	-0.8181	5.1677	0.23614	0.2604	-0.19932	1.1363	-0.12616	-0.46653	-0.31582	-0.71186	-0.095141	-0.7947	0.90929	-0.13288	-0.63557	-0.24855	-0.74749	0.21147	0.079172	-0.41883	-0.21099	-0.20389	-0.57379	0.4265	-0.32441	-0.27758	1.0303	-0.086883
Tin	0.5747	0.76063	1.4833	-0.17474	-0.56335	1.1853	-0.17847	-1.3393	0.90545	-0.41735	0.24096	-0.094177	0.85572	-0.98838	-0.78115	-0.60887	0.38225	0.9249	-0.28864	-0.6469	-0.68454	1.315	0.62375	-0.74853	0.45539	-2.4286	-1.1048	-0.25815	-0.93466
Phenelzine	-0.45292	1.3865	-0.50766	0.0047272	-0.40651	-0.37362	-0.025433	-0.13132	-0.26572	-0.35364	-0.4446	-0.36703	-0.052218	0.022532	-0.024434	-0.31744	0.59419	-0.17607	-0.12076	-0.18894	-0.26865	-0.23896	-0.0030961	-0.36373	-0.010204	-0.37306	-0.20815	0.0958	-0.063104
Orotate	-0.72658	-0.4026	0.43648	-0.69942	-0.23527	-0.31154	2.1191	-0.51077	0.81468	-0.60902	-0.54062	-0.099727	-0.29032	2.1496	-0.58851	0.068445	0.8288	-0.49322	-0.54153	-0.52856	-0.66006	-0.11796	5.8235	-0.55872	-0.67579	-0.72599	-0.75784	2.2159	-0.54853
"1,3-Diisopropylbenzene"	-0.40247	3.5114	-0.053215	0.65987	-0.60455	-0.8391	0.17198	-0.88962	0.60846	-0.45319	0.22208	0.80459	2.5975	-0.3656	-0.61584	-0.23005	0.20019	1.3002	-0.89348	6.9608	-0.026469	-0.59368	0.76405	-0.59785	0.36157	-0.60719	-0.69148	-0.13325	-0.070837
Paracetamol_sulfate	-0.36451	-0.35455	2.324	4.587	-0.33319	4.587	-0.34356	-0.2755	-0.33582	-0.12775	-0.34106	-0.33053	2.5867	-0.27302	-0.35028	-0.34588	-0.34764	-0.25728	-0.3522	-0.33236	-0.36606	4.587	-0.3153	-0.34655	3.0735	-0.36368	-0.063379	-0.32819	-0.33403
"4-Hydroxy-8-methoxy-2H-furo[2,3-h]-1-benzopyran-2-one"	-0.75244	-0.32495	0.38948	0.59433	-0.34364	0.69998	-0.14655	-0.25144	-0.45715	-0.30548	-0.75833	-0.4758	0.21698	-0.22806	-0.57033	-0.62911	-0.40479	-0.44481	-0.55129	-0.53862	-0.61699	0.52204	-0.1201	-0.66039	0.08747	-0.37503	-0.22189	-0.17612	-0.52584
Indole-3-carboxilic_acid-O-sulphate	-0.44338	-0.74304	0.70505	0.86466	0.17208	0.048418	2.8734	-0.59297	-0.50679	-0.70638	-0.7537	-0.89153	-0.052214	2.6348	-0.34192	-0.55933	1.4539	-0.63312	-0.27598	-0.16127	-0.84349	0.09511	2.5892	-0.53144	-0.4369	-0.9372	-0.90369	2.6162	-0.22405
Dehydroisochalciporone	-0.37728	-0.30743	7.6332	-0.1783	-0.083169	-0.19515	0.42433	0.20629	-0.37446	0.20025	-0.36726	-0.033543	-0.15114	0.3583	-0.22401	-0.37317	0.1451	-0.19853	-0.24728	-0.23907	-0.11161	-0.23783	0.19038	-0.25237	-0.22145	-0.32109	0.082882	0.36018	-0.26687
Clodronate	-0.42214	0.31837	1.319	-0.0058142	-1.1366	0.22533	-0.53403	-1.1833	0.10285	-1.3504	-0.19349	-0.32854	0.23586	-0.50511	-0.56735	0.062825	-0.12939	1.4739	-0.82239	-0.58269	-1.2568	0.71619	0.15633	0.2783	0.26839	-1.2818	-0.91675	-0.70198	-1.1556
2-Hydroxyacetaminophen_sulfate	-0.4522	-0.43624	3.1489	5.3459	-0.32179	1.6073	-0.41137	-0.48538	-0.34592	-0.44001	-0.34579	-0.45994	0.84587	-0.40178	-0.41329	-0.39529	-0.41746	-0.18698	-0.41904	-0.38706	0.12359	1.2469	-0.35276	-0.46809	3.1848	-0.49767	-0.45994	-0.40485	-0.39419
Furosemide	-0.55961	-0.65881	4.2791	1.1486	-0.16123	0.41639	0.053244	-0.71511	-0.19305	-0.3814	-0.95473	-0.30537	-0.35591	0.050513	-0.30219	-0.42324	-0.42796	-0.10883	-0.37293	-0.079923	-0.81117	0.50522	0.28709	-0.44493	2.4323	-1.0405	-0.77396	-0.10564	-0.25044
"2-Methyl-1,4-naphthalenediol_bis(dihydrogen_phosphate)"	-1.1136	-0.6044	-0.1302	0.38974	0.062762	0.41506	1.2868	-0.74084	-0.61804	-1.0287	-0.90256	-0.38147	0.019726	1.1706	0.15293	-0.089068	1.1501	0.60187	0.23317	0.038214	-1.0424	0.55373	2.6075	-0.89868	1.3976	-1.2561	-0.97557	1.392	0.064415
4-Hydroxyestrone_sulfate	-0.50305	-0.51355	6.2623	0.48817	-0.22498	-0.069188	1.297	-0.35932	-0.44879	-0.38451	-0.4762	-0.38747	-0.41102	1.0546	-0.31324	-0.49116	0.51727	-0.40795	-0.30829	-0.27305	-0.51932	-0.12736	-0.17683	-0.28239	0.30952	-0.50707	-0.44979	1.2151	-0.33003
Glisoxepide	-0.66127	-1.0782	2.9719	0.185	0.69845	-0.34724	1.5425	0.78785	-1.6613	0.89303	-1.6562	-0.56111	-1.0851	1.5005	-0.56022	-1.2388	1.7915	-1.152	-0.67938	-0.2444	-1.2699	-0.78824	0.79188	-0.68287	0.59991	-0.37632	0.40501	1.4801	-0.45714
TG(8:0/8:0/i-12:0)	0.29036	1.1916	-0.3399	-0.42974	-0.083044	0.51068	-0.45918	-0.44846	-0.29004	-0.73838	0.51694	0.046367	0.72065	-0.020164	-0.47651	-0.78379	0.13275	-0.6835	-0.38189	-0.21052	-0.25591	0.29242	0.46136	-0.28847	-0.64188	-0.68148	-0.83329	0.36767	-0.37296
CE(11:1D3)	-0.86453	-3.8626	4.1204	0.70349	0.12797	-1.0965	1.7293	-0.824	-0.65619	-0.48797	-0.41334	-0.52586	-1.5065	0.67243	-0.44864	-0.1577	-0.84244	0.58219	-0.54311	-0.063849	-0.62545	-0.32976	-0.10313	0.16558	0.71935	-0.17261	-0.85215	0.081262	0.5249
SM(d18:1/24:0)	-0.74537	-1.0534	-0.29677	0.33136	-0.27466	-0.33251	-0.010806	-0.46848	-0.47519	-0.61778	-0.46674	-0.69006	-0.60565	0.33266	-0.33536	-0.29524	-0.64062	0.15576	-0.60289	0.094998	-0.5334	-0.17275	-0.035429	-0.65509	0.12871	-0.661	-0.66084	-0.17969	-0.41042
"PS(22:2(13Z,16Z)/24:1(15Z))"	-0.4164	-0.67181	-0.02937	-0.038136	-0.38297	-0.37246	-0.24648	-0.44628	-0.18992	-0.5582	-0.4684	-0.525	-0.41828	-0.29659	-0.26815	-0.27192	-0.43268	-0.25823	-0.19626	-0.19271	-0.3528	-0.17292	-0.17197	-0.27396	-0.15247	-0.5201	-0.43961	-0.1287	-0.16965